ADCRef50v,Battery-1,Battery-2,Battery-3,Battery-4,CRC8
4.48,4.37,12.54,0.01,0.01,106
4.49,4.38,12.54,0.01,0.01,81
4.49,4.38,12.54,0.01,0.01,81
4.49,4.38,12.54,0.01,0.01,81
4.49,4.38,12.53,0.01,0.01,72
4.49,4.38,12.53,0.01,0.01,72
4.49,4.38,12.53,0.01,0.01,72
4.49,4.38,12.53,0.01,0.01,72
4.49,4.38,12.55,0.01,0.01,132
4.49,4.38,12.52,0.01,0.01,157
4.54,4.38,12.53,0.01,0.01,255
4.54,4.38,12.53,0.01,0.01,255
4.54,4.38,12.52,0.01,0.01,42
4.54,4.38,12.52,0.01,0.01,42
4.54,4.37,12.52,0.01,0.01,134
4.54,4.37,12.50,0.01,0.01,53
4.54,4.38,12.53,0.01,0.01,255
4.54,4.37,12.50,0.01,0.01,53
4.54,4.38,12.52,0.01,0.01,42
4.54,4.38,12.52,0.01,0.01,42
4.54,4.38,12.52,0.01,0.01,42
4.54,4.38,12.52,0.01,0.01,42
4.54,4.37,12.50,0.01,0.01,53
4.54,4.38,12.53,0.01,0.01,255
4.54,4.37,12.50,0.01,0.01,53
4.54,4.38,12.52,0.01,0.01,42
4.54,4.38,12.52,0.01,0.01,42
4.54,4.36,12.52,0.01,0.01,169
4.54,4.38,12.52,0.01,0.01,42
4.54,4.38,12.52,0.01,0.01,42
4.54,4.36,12.52,0.01,0.01,169
4.54,4.38,12.51,0.01,0.01,76
4.54,4.38,12.52,0.01,0.01,42
4.54,4.38,12.52,0.01,0.01,42
4.54,4.38,12.52,0.01,0.01,42
4.54,4.38,12.52,0.01,0.01,42
4.54,4.38,12.51,0.01,0.01,76
4.54,4.38,12.52,0.01,0.01,42
4.54,4.38,12.52,0.01,0.01,42
4.54,4.38,12.51,0.01,0.01,76
4.54,4.38,12.51,0.01,0.01,76
4.54,4.38,12.52,0.01,0.01,42
4.54,4.38,12.51,0.01,0.01,76
4.54,4.38,12.52,0.01,0.01,42
4.54,4.36,12.52,0.01,0.01,169
4.54,4.38,12.52,0.01,0.01,42
4.54,4.38,12.51,0.01,0.01,76
4.54,4.38,12.51,0.01,0.01,76
4.54,4.38,12.52,0.01,0.01,42
4.54,4.38,12.51,0.01,0.01,76
4.54,4.38,12.51,0.01,0.01,76
4.54,4.38,12.51,0.01,0.01,76
4.54,4.38,12.51,0.01,0.01,76
4.54,4.38,12.52,0.01,0.01,42
4.54,4.37,12.49,0.01,0.01,118
4.54,4.36,12.51,0.01,0.01,207
4.54,4.38,12.51,0.01,0.01,76
4.54,4.36,12.51,0.01,0.01,207
4.54,4.38,12.51,0.01,0.01,76
4.54,4.38,12.51,0.01,0.01,76
4.54,4.38,12.51,0.01,0.01,76
4.54,4.38,12.51,0.01,0.01,76
4.54,4.38,12.51,0.01,0.01,76
4.54,4.38,12.51,0.01,0.01,76
4.54,4.38,12.51,0.01,0.01,76
4.54,4.38,12.51,0.01,0.01,76
4.54,4.38,12.51,0.01,0.01,76
4.54,4.38,12.51,0.01,0.01,76
4.54,4.38,12.51,0.01,0.01,76
4.54,4.38,12.51,0.01,0.01,76
4.54,4.38,12.51,0.01,0.01,76
4.54,4.38,12.51,0.01,0.01,76
4.54,4.38,12.51,0.01,0.01,76
4.54,4.38,12.51,0.01,0.01,76
4.54,4.38,12.51,0.01,0.01,76
4.54,4.36,12.51,0.01,0.01,207
4.54,4.38,12.51,0.01,0.01,76
4.54,4.38,12.51,0.01,0.01,76
4.54,4.38,12.51,0.01,0.01,76
4.54,4.38,12.51,0.01,0.01,76
4.54,4.38,12.51,0.01,0.01,76
4.54,4.36,12.51,0.01,0.01,207
4.54,4.38,12.51,0.01,0.01,76
4.54,4.36,12.51,0.01,0.01,207
4.54,4.38,12.51,0.01,0.01,76
4.54,4.36,12.51,0.01,0.01,207
4.54,4.38,12.51,0.01,0.01,76
4.54,4.38,12.51,0.01,0.01,76
4.54,4.36,12.51,0.01,0.01,207
4.54,4.38,12.51,0.01,0.01,76
4.54,4.38,12.51,0.01,0.01,76
4.54,4.38,12.51,0.01,0.01,76
4.54,4.36,12.51,0.01,0.01,207
4.54,4.38,12.51,0.01,0.01,76
4.54,4.38,12.51,0.01,0.01,76
4.54,4.38,12.51,0.01,0.01,76
4.54,4.38,12.51,0.01,0.01,76
4.54,4.36,12.51,0.01,0.01,207
4.54,4.38,12.51,0.01,0.01,76
4.54,4.36,12.51,0.01,0.01,207
4.54,4.38,12.51,0.01,0.01,76
4.54,4.37,12.49,0.01,0.01,118
4.54,4.38,12.51,0.01,0.01,76
4.54,4.38,12.51,0.01,0.01,76
4.54,4.38,12.51,0.01,0.01,76
4.54,4.38,12.51,0.01,0.01,76
4.54,4.38,12.51,0.01,0.01,76
4.54,4.38,12.51,0.01,0.01,76
4.54,4.36,12.49,0.01,0.01,89
4.54,4.38,12.51,0.01,0.01,76
4.54,4.38,12.51,0.01,0.01,76
4.54,4.36,12.51,0.01,0.01,207
4.54,4.38,12.51,0.01,0.01,76
4.54,4.36,12.49,0.01,0.01,89
4.54,4.38,12.51,0.01,0.01,76
4.54,4.38,12.51,0.01,0.01,76
4.54,4.36,12.49,0.01,0.01,89
4.54,4.38,12.51,0.01,0.01,76
4.54,4.38,12.51,0.01,0.01,76
4.54,4.38,12.51,0.01,0.01,76
4.54,4.36,12.49,0.01,0.01,89
4.54,4.38,12.49,0.01,0.01,218
4.54,4.38,12.49,0.01,0.01,218
4.54,4.38,12.49,0.01,0.01,218
4.54,4.36,12.49,0.01,0.01,89
4.54,4.38,12.51,0.01,0.01,76
4.54,4.38,12.49,0.01,0.01,218
4.54,4.38,12.49,0.01,0.01,218
4.54,4.38,12.49,0.01,0.01,218
4.54,4.38,12.51,0.01,0.01,76
4.54,4.36,12.49,0.01,0.01,89
4.54,4.38,12.49,0.01,0.01,218
4.54,4.38,12.51,0.01,0.01,76
4.54,4.38,12.51,0.01,0.01,76
4.54,4.38,12.51,0.01,0.01,76
4.54,4.37,12.49,0.01,0.01,118
4.54,4.38,12.49,0.01,0.01,218
4.54,4.38,12.49,0.01,0.01,218
4.54,4.38,12.49,0.01,0.01,218
4.54,4.38,12.51,0.01,0.01,76
4.54,4.38,12.51,0.01,0.01,76
4.54,4.38,12.49,0.01,0.01,218
4.54,4.38,12.51,0.01,0.01,76
4.54,4.38,12.49,0.01,0.01,218
4.54,4.38,12.49,0.01,0.01,218
4.54,4.38,12.49,0.01,0.01,218
4.54,4.37,12.48,0.01,0.01,163
4.54,4.38,12.49,0.01,0.01,218
4.54,4.38,12.49,0.01,0.01,218
4.54,4.37,12.48,0.01,0.01,163
4.54,4.37,12.48,0.01,0.01,163
4.54,4.38,12.51,0.01,0.01,76
4.54,4.38,12.49,0.01,0.01,218
4.54,4.37,12.48,0.01,0.01,163
4.54,4.38,12.49,0.01,0.01,218
4.54,4.37,12.48,0.01,0.01,163
4.54,4.36,12.51,0.01,0.01,207
4.54,4.37,12.48,0.01,0.01,163
4.54,4.36,12.48,0.01,0.01,140
4.54,4.37,12.48,0.01,0.01,163
4.54,4.36,12.49,0.01,0.01,89
4.54,4.38,12.49,0.01,0.01,218
4.54,4.37,12.48,0.01,0.01,163
4.54,4.38,12.49,0.01,0.01,218
4.54,4.38,12.49,0.01,0.01,218
4.54,4.36,12.49,0.01,0.01,89
4.54,4.36,12.49,0.01,0.01,89
4.54,4.37,12.48,0.01,0.01,163
4.54,4.37,12.48,0.01,0.01,163
4.54,4.38,12.49,0.01,0.01,218
4.54,4.36,12.49,0.01,0.01,89
4.54,4.38,12.49,0.01,0.01,218
4.54,4.38,12.49,0.01,0.01,218
4.54,4.38,12.49,0.01,0.01,218
4.54,4.38,12.49,0.01,0.01,218
4.54,4.37,12.48,0.01,0.01,163
4.54,4.37,12.48,0.01,0.01,163
4.54,4.38,12.49,0.01,0.01,218
4.54,4.37,12.48,0.01,0.01,163
4.54,4.36,12.48,0.01,0.01,140
4.54,4.38,12.49,0.01,0.01,218
4.54,4.38,12.49,0.01,0.01,218
4.54,4.37,12.48,0.01,0.01,163
4.54,4.36,12.49,0.01,0.01,89
4.54,4.36,12.48,0.01,0.01,140
4.54,4.38,12.49,0.01,0.01,218
4.54,4.38,12.49,0.01,0.01,218
4.54,4.37,12.48,0.01,0.01,163
4.54,4.37,12.48,0.01,0.01,163
4.54,4.37,12.48,0.01,0.01,163
4.54,4.38,12.49,0.01,0.01,218
4.54,4.37,12.48,0.01,0.01,163
4.54,4.37,12.48,0.01,0.01,163
4.54,4.37,12.48,0.01,0.01,163
4.54,4.37,12.48,0.01,0.01,163
4.51,4.39,12.53,0.01,0.01,41
4.52,4.39,12.53,0.01,0.01,137
4.47,4.40,12.56,0.01,0.01,49
4.46,4.38,12.50,0.01,0.01,60
4.45,4.38,12.41,0.01,0.01,33
4.45,4.36,12.43,0.01,0.01,17
4.45,4.37,12.48,0.01,0.01,166
4.45,4.34,12.48,0.01,0.01,215
4.45,4.36,12.48,0.01,0.01,137
4.46,4.38,12.52,0.01,0.01,143
4.45,4.37,12.48,0.01,0.01,166
4.45,4.37,12.48,0.01,0.01,166
4.45,4.37,12.47,0.01,0.01,65
4.45,4.37,12.48,0.01,0.01,166
4.46,4.38,12.50,0.01,0.01,60
4.45,4.37,12.48,0.01,0.01,166
4.46,4.38,12.50,0.01,0.01,60
4.45,4.37,12.48,0.01,0.01,166
4.45,4.37,12.48,0.01,0.01,166
4.45,4.37,12.47,0.01,0.01,65
4.45,4.36,12.48,0.01,0.01,137
4.46,4.38,12.49,0.01,0.01,127
4.45,4.37,12.48,0.01,0.01,166
4.46,4.38,12.50,0.01,0.01,60
4.45,4.37,12.48,0.01,0.01,166
4.46,4.38,12.49,0.01,0.01,127
4.45,4.37,12.48,0.01,0.01,166
4.45,4.37,12.48,0.01,0.01,166
4.45,4.37,12.48,0.01,0.01,166
4.45,4.37,12.48,0.01,0.01,166
4.45,4.37,12.47,0.01,0.01,65
4.45,4.37,12.48,0.01,0.01,166
4.45,4.37,12.47,0.01,0.01,65
4.45,4.36,12.48,0.01,0.01,137
4.46,4.38,12.49,0.01,0.01,127
4.45,4.37,12.48,0.01,0.01,166
4.46,4.38,12.49,0.01,0.01,127
4.45,4.37,12.48,0.01,0.01,166
4.46,4.38,12.49,0.01,0.01,127
4.45,4.36,12.48,0.01,0.01,137
4.46,4.38,12.49,0.01,0.01,127
4.45,4.37,12.48,0.01,0.01,166
4.46,4.38,12.47,0.01,0.01,77
4.45,4.36,12.47,0.01,0.01,110
4.46,4.38,12.49,0.01,0.01,127
4.45,4.37,12.48,0.01,0.01,166
4.46,4.38,12.47,0.01,0.01,77
4.45,4.37,12.48,0.01,0.01,166
4.46,4.38,12.49,0.01,0.01,127
4.45,4.37,12.47,0.01,0.01,65
4.46,4.38,12.49,0.01,0.01,127
4.45,4.37,12.47,0.01,0.01,65
4.45,4.37,12.46,0.01,0.01,148
4.45,4.36,12.47,0.01,0.01,110
4.45,4.37,12.47,0.01,0.01,65
4.45,4.37,12.47,0.01,0.01,65
4.45,4.37,12.47,0.01,0.01,65
4.46,4.38,12.49,0.01,0.01,127
4.45,4.37,12.48,0.01,0.01,166
4.46,4.38,12.49,0.01,0.01,127
4.45,4.37,12.47,0.01,0.01,65
4.46,4.38,12.47,0.01,0.01,77
4.45,4.36,12.47,0.01,0.01,110
4.45,4.37,12.46,0.01,0.01,148
4.46,4.38,12.49,0.01,0.01,127
4.45,4.37,12.47,0.01,0.01,65
4.46,4.38,12.50,0.01,0.01,60
4.45,4.36,12.47,0.01,0.01,110
4.46,4.38,12.47,0.01,0.01,77
4.45,4.36,12.47,0.01,0.01,110
4.45,4.37,12.46,0.01,0.01,148
4.45,4.37,12.47,0.01,0.01,65
4.45,4.37,12.47,0.01,0.01,65
4.46,4.38,12.49,0.01,0.01,127
4.45,4.36,12.47,0.01,0.01,110
4.45,4.37,12.46,0.01,0.01,148
4.45,4.37,12.47,0.01,0.01,65
4.45,4.37,12.47,0.01,0.01,65
4.46,4.38,12.49,0.01,0.01,127
4.45,4.36,12.47,0.01,0.01,110
4.45,4.37,12.46,0.01,0.01,148
4.45,4.37,12.47,0.01,0.01,65
4.45,4.37,12.47,0.01,0.01,65
4.46,4.38,12.49,0.01,0.01,127
4.45,4.36,12.47,0.01,0.01,110
4.45,4.37,12.46,0.01,0.01,148
4.46,4.38,12.49,0.01,0.01,127
4.45,4.37,12.47,0.01,0.01,65
4.46,4.38,12.49,0.01,0.01,127
4.45,4.37,12.47,0.01,0.01,65
4.46,4.38,12.47,0.01,0.01,77
4.46,4.38,12.49,0.01,0.01,127
4.45,4.37,12.47,0.01,0.01,65
4.46,4.38,12.46,0.01,0.01,152
4.46,4.36,12.49,0.01,0.01,252
4.45,4.37,12.46,0.01,0.01,148
4.46,4.38,12.49,0.01,0.01,127
4.46,4.36,12.49,0.01,0.01,252
4.46,4.38,12.47,0.01,0.01,77
4.45,4.36,12.47,0.01,0.01,110
4.46,4.38,12.49,0.01,0.01,127
4.46,4.38,12.49,0.01,0.01,127
4.45,4.36,12.47,0.01,0.01,110
4.46,4.38,12.47,0.01,0.01,77
4.45,4.37,12.47,0.01,0.01,65
4.45,4.37,12.47,0.01,0.01,65
4.46,4.38,12.47,0.01,0.01,77
4.45,4.37,12.47,0.01,0.01,65
4.45,4.37,12.46,0.01,0.01,148
4.45,4.37,12.47,0.01,0.01,65
4.45,4.37,12.47,0.01,0.01,65
4.46,4.38,12.46,0.01,0.01,152
4.45,4.36,12.46,0.01,0.01,187
4.45,4.37,12.46,0.01,0.01,148
4.46,4.38,12.47,0.01,0.01,77
4.45,4.36,12.46,0.01,0.01,187
4.46,4.38,12.47,0.01,0.01,77
4.45,4.37,12.47,0.01,0.01,65
4.45,4.37,12.47,0.01,0.01,65
4.46,4.38,12.47,0.01,0.01,77
4.45,4.36,12.47,0.01,0.01,110
4.46,4.38,12.47,0.01,0.01,77
4.46,4.38,12.49,0.01,0.01,127
4.46,4.38,12.49,0.01,0.01,127
4.46,4.38,12.47,0.01,0.01,77
4.45,4.37,12.46,0.01,0.01,148
4.46,4.38,12.46,0.01,0.01,152
4.45,4.37,12.47,0.01,0.01,65
4.49,4.36,12.47,0.01,0.01,220
4.54,4.36,12.45,0.01,0.01,216
4.54,4.36,12.47,0.01,0.01,107
4.54,4.36,12.47,0.01,0.01,107
4.54,4.36,12.47,0.01,0.01,107
4.54,4.36,12.47,0.01,0.01,107
4.54,4.36,12.47,0.01,0.01,107
4.54,4.36,12.47,0.01,0.01,107
4.54,4.36,12.47,0.01,0.01,107
4.54,4.37,12.45,0.01,0.01,247
4.54,4.37,12.45,0.01,0.01,247
4.54,4.36,12.45,0.01,0.01,216
4.54,4.36,12.46,0.01,0.01,190
4.54,4.37,12.46,0.01,0.01,145
4.54,4.37,12.46,0.01,0.01,145
4.54,4.37,12.46,0.01,0.01,145
4.54,4.37,12.46,0.01,0.01,145
4.54,4.37,12.46,0.01,0.01,145
4.54,4.36,12.46,0.01,0.01,190
4.54,4.37,12.46,0.01,0.01,145
4.54,4.37,12.46,0.01,0.01,145
4.54,4.37,12.46,0.01,0.01,145
4.54,4.37,12.46,0.01,0.01,145
4.54,4.37,12.46,0.01,0.01,145
4.54,4.36,12.46,0.01,0.01,190
4.54,4.37,12.46,0.01,0.01,145
4.54,4.37,12.46,0.01,0.01,145
4.54,4.37,12.46,0.01,0.01,145
4.54,4.37,12.46,0.01,0.01,145
4.54,4.37,12.46,0.01,0.01,145
4.54,4.37,12.46,0.01,0.01,145
4.54,4.37,12.46,0.01,0.01,145
4.54,4.37,12.45,0.01,0.01,247
4.54,4.37,12.45,0.01,0.01,247
4.54,4.37,12.45,0.01,0.01,247
4.54,4.37,12.45,0.01,0.01,247
4.54,4.37,12.46,0.01,0.01,145
4.54,4.37,12.45,0.01,0.01,247
4.54,4.37,12.46,0.01,0.01,145
4.54,4.37,12.46,0.01,0.01,145
4.54,4.36,12.45,0.01,0.01,216
4.54,4.37,12.45,0.01,0.01,247
4.54,4.37,12.45,0.01,0.01,247
4.54,4.37,12.45,0.01,0.01,247
4.54,4.37,12.45,0.01,0.01,247
4.54,4.37,12.45,0.01,0.01,247
4.54,4.37,12.45,0.01,0.01,247
4.54,4.37,12.45,0.01,0.01,247
4.54,4.37,12.45,0.01,0.01,247
4.54,4.36,12.45,0.01,0.01,216
4.54,4.37,12.45,0.01,0.01,247
4.54,4.37,12.45,0.01,0.01,247
4.54,4.37,12.45,0.01,0.01,247
4.54,4.37,12.45,0.01,0.01,247
4.54,4.37,12.46,0.01,0.01,145
4.54,4.37,12.46,0.01,0.01,145
4.54,4.37,12.45,0.01,0.01,247
4.54,4.37,12.45,0.01,0.01,247
4.54,4.37,12.46,0.01,0.01,145
4.54,4.37,12.45,0.01,0.01,247
4.54,4.37,12.45,0.01,0.01,247
4.54,4.37,12.45,0.01,0.01,247
4.54,4.37,12.45,0.01,0.01,247
4.54,4.37,12.45,0.01,0.01,247
4.54,4.37,12.45,0.01,0.01,247
4.54,4.37,12.45,0.01,0.01,247
4.54,4.37,12.45,0.01,0.01,247
4.54,4.37,12.45,0.01,0.01,247
4.54,4.37,12.45,0.01,0.01,247
4.54,4.36,12.45,0.01,0.01,216
4.54,4.37,12.45,0.01,0.01,247
4.54,4.36,12.45,0.01,0.01,216
4.54,4.37,12.45,0.01,0.01,247
4.54,4.37,12.45,0.01,0.01,247
4.54,4.37,12.45,0.01,0.01,247
4.54,4.37,12.45,0.01,0.01,247
4.54,4.36,12.46,0.01,0.01,190
4.54,4.37,12.45,0.01,0.01,247
4.53,4.37,12.45,0.01,0.01,57
4.54,4.37,12.45,0.01,0.01,247
4.54,4.36,12.45,0.01,0.01,216
4.54,4.37,12.45,0.01,0.01,247
4.53,4.37,12.43,0.01,0.01,245
4.53,4.37,12.43,0.01,0.01,245
4.54,4.37,12.45,0.01,0.01,247
4.54,4.37,12.45,0.01,0.01,247
4.54,4.37,12.45,0.01,0.01,247
4.54,4.37,12.45,0.01,0.01,247
4.54,4.37,12.45,0.01,0.01,247
4.54,4.37,12.46,0.01,0.01,145
4.54,4.37,12.45,0.01,0.01,247
4.54,4.37,12.45,0.01,0.01,247
4.54,4.37,12.45,0.01,0.01,247
4.54,4.37,12.45,0.01,0.01,247
4.54,4.37,12.45,0.01,0.01,247
4.54,4.37,12.45,0.01,0.01,247
4.54,4.37,12.45,0.01,0.01,247
4.54,4.37,12.45,0.01,0.01,247
4.54,4.37,12.45,0.01,0.01,247
4.54,4.37,12.45,0.01,0.01,247
4.54,4.37,12.45,0.01,0.01,247
4.54,4.37,12.45,0.01,0.01,247
4.53,4.37,12.43,0.01,0.01,245
4.54,4.37,12.45,0.01,0.01,247
4.53,4.37,12.45,0.01,0.01,57
4.53,4.37,12.45,0.01,0.01,57
4.53,4.37,12.45,0.01,0.01,57
4.53,4.37,12.43,0.01,0.01,245
4.53,4.37,12.43,0.01,0.01,245
4.53,4.37,12.43,0.01,0.01,245
4.53,4.37,12.45,0.01,0.01,57
4.53,4.37,12.43,0.01,0.01,245
4.53,4.37,12.45,0.01,0.01,57
4.53,4.37,12.43,0.01,0.01,245
4.53,4.37,12.45,0.01,0.01,57
4.53,4.37,12.43,0.01,0.01,245
4.53,4.37,12.43,0.01,0.01,245
4.54,4.37,12.45,0.01,0.01,247
4.54,4.37,12.45,0.01,0.01,247
4.53,4.37,12.43,0.01,0.01,245
4.53,4.37,12.43,0.01,0.01,245
4.54,4.37,12.45,0.01,0.01,247
4.53,4.37,12.43,0.01,0.01,245
4.53,4.37,12.43,0.01,0.01,245
4.54,4.37,12.45,0.01,0.01,247
4.53,4.37,12.43,0.01,0.01,245
4.53,4.37,12.43,0.01,0.01,245
4.53,4.37,12.43,0.01,0.01,245
4.53,4.37,12.43,0.01,0.01,245
4.53,4.37,12.43,0.01,0.01,245
4.53,4.37,12.43,0.01,0.01,245
4.54,4.37,12.45,0.01,0.01,247
4.53,4.37,12.43,0.01,0.01,245
4.53,4.37,12.43,0.01,0.01,245
4.53,4.37,12.43,0.01,0.01,245
4.53,4.37,12.43,0.01,0.01,245
4.54,4.37,12.44,0.01,0.01,34
4.53,4.37,12.43,0.01,0.01,245
4.54,4.37,12.44,0.01,0.01,34
4.54,4.37,12.45,0.01,0.01,247
4.54,4.37,12.45,0.01,0.01,247
4.53,4.37,12.43,0.01,0.01,245
4.54,4.37,12.44,0.01,0.01,34
4.54,4.37,12.44,0.01,0.01,34
4.53,4.37,12.43,0.01,0.01,245
4.54,4.37,12.44,0.01,0.01,34
4.54,4.37,12.44,0.01,0.01,34
4.53,4.37,12.42,0.01,0.01,32
4.53,4.37,12.43,0.01,0.01,245
4.53,4.37,12.43,0.01,0.01,245
4.54,4.37,12.44,0.01,0.01,34
4.53,4.37,12.43,0.01,0.01,245
4.54,4.37,12.44,0.01,0.01,34
4.54,4.37,12.44,0.01,0.01,34
4.54,4.37,12.44,0.01,0.01,34
4.54,4.37,12.44,0.01,0.01,34
4.53,4.37,12.42,0.01,0.01,32
4.54,4.37,12.44,0.01,0.01,34
4.53,4.37,12.42,0.01,0.01,32
4.53,4.37,12.43,0.01,0.01,245
4.53,4.37,12.42,0.01,0.01,32
4.53,4.37,12.43,0.01,0.01,245
4.54,4.37,12.44,0.01,0.01,34
4.54,4.36,12.44,0.01,0.01,13
4.53,4.37,12.42,0.01,0.01,32
4.53,4.37,12.42,0.01,0.01,32
4.53,4.37,12.42,0.01,0.01,32
4.54,4.37,12.44,0.01,0.01,34
4.54,4.36,12.44,0.01,0.01,13
4.53,4.37,12.42,0.01,0.01,32
4.53,4.37,12.42,0.01,0.01,32
4.53,4.37,12.42,0.01,0.01,32
4.53,4.35,12.42,0.01,0.01,126
4.54,4.36,12.44,0.01,0.01,13
4.54,4.37,12.44,0.01,0.01,34
4.54,4.36,12.44,0.01,0.01,13
4.53,4.37,12.42,0.01,0.01,32
4.54,4.37,12.44,0.01,0.01,34
4.53,4.37,12.42,0.01,0.01,32
4.54,4.36,12.44,0.01,0.01,13
4.54,4.36,12.44,0.01,0.01,13
4.54,4.36,12.44,0.01,0.01,13
4.53,4.37,12.42,0.01,0.01,32
4.54,4.37,12.44,0.01,0.01,34
4.54,4.36,12.44,0.01,0.01,13
4.54,4.37,12.42,0.01,0.01,238
4.54,4.36,12.44,0.01,0.01,13
4.54,4.37,12.44,0.01,0.01,34
4.54,4.36,12.44,0.01,0.01,13
4.54,4.36,12.44,0.01,0.01,13
4.54,4.36,12.42,0.01,0.01,193
4.54,4.36,12.42,0.01,0.01,193
4.54,4.36,12.44,0.01,0.01,13
4.54,4.36,12.42,0.01,0.01,193
4.54,4.36,12.42,0.01,0.01,193
4.54,4.36,12.42,0.01,0.01,193
4.54,4.36,12.44,0.01,0.01,13
4.54,4.36,12.44,0.01,0.01,13
4.54,4.37,12.44,0.01,0.01,34
4.53,4.37,12.42,0.01,0.01,32
4.54,4.37,12.44,0.01,0.01,34
4.54,4.36,12.44,0.01,0.01,13
4.53,4.37,12.42,0.01,0.01,32
4.54,4.36,12.44,0.01,0.01,13
4.54,4.37,12.44,0.01,0.01,34
4.54,4.37,12.44,0.01,0.01,34
4.54,4.36,12.44,0.01,0.01,13
4.53,4.37,12.42,0.01,0.01,32
4.53,4.37,12.42,0.01,0.01,32
4.53,4.37,12.42,0.01,0.01,32
4.54,4.37,12.42,0.01,0.01,238
4.53,4.37,12.42,0.01,0.01,32
4.53,4.37,12.41,0.01,0.01,70
4.54,4.36,12.44,0.01,0.01,13
4.53,4.35,12.42,0.01,0.01,126
4.53,4.35,12.42,0.01,0.01,126
4.54,4.36,12.42,0.01,0.01,193
4.54,4.36,12.42,0.01,0.01,193
4.54,4.37,12.42,0.01,0.01,238
4.53,4.37,12.42,0.01,0.01,32
4.54,4.36,12.42,0.01,0.01,193
4.54,4.37,12.42,0.01,0.01,238
4.54,4.37,12.42,0.01,0.01,238
4.54,4.36,12.42,0.01,0.01,193
4.54,4.36,12.42,0.01,0.01,193
4.54,4.36,12.42,0.01,0.01,193
4.54,4.36,12.44,0.01,0.01,13
4.54,4.37,12.42,0.01,0.01,238
4.54,4.36,12.42,0.01,0.01,193
4.54,4.37,12.42,0.01,0.01,238
4.54,4.36,12.42,0.01,0.01,193
4.54,4.36,12.42,0.01,0.01,193
4.54,4.36,12.42,0.01,0.01,193
4.54,4.36,12.42,0.01,0.01,193
4.54,4.36,12.42,0.01,0.01,193
4.54,4.36,12.42,0.01,0.01,193
4.54,4.36,12.42,0.01,0.01,193
4.54,4.36,12.42,0.01,0.01,193
4.54,4.36,12.42,0.01,0.01,193
4.54,4.36,12.42,0.01,0.01,193
4.54,4.36,12.42,0.01,0.01,193
4.54,4.36,12.42,0.01,0.01,193
4.54,4.36,12.42,0.01,0.01,193
4.54,4.36,12.42,0.01,0.01,193
4.54,4.36,12.42,0.01,0.01,193
4.54,4.36,12.41,0.01,0.01,167
4.54,4.36,12.42,0.01,0.01,193
4.54,4.36,12.42,0.01,0.01,193
4.54,4.36,12.42,0.01,0.01,193
4.54,4.36,12.42,0.01,0.01,193
4.54,4.36,12.42,0.01,0.01,193
4.54,4.36,12.42,0.01,0.01,193
4.54,4.36,12.42,0.01,0.01,193
4.54,4.36,12.42,0.01,0.01,193
4.54,4.36,12.42,0.01,0.01,193
4.54,4.36,12.42,0.01,0.01,193
4.54,4.36,12.41,0.01,0.01,167
4.54,4.36,12.41,0.01,0.01,167
4.54,4.36,12.41,0.01,0.01,167
4.54,4.36,12.41,0.01,0.01,167
4.54,4.36,12.41,0.01,0.01,167
4.54,4.36,12.41,0.01,0.01,167
4.54,4.36,12.42,0.01,0.01,193
4.54,4.36,12.41,0.01,0.01,167
4.54,4.36,12.41,0.01,0.01,167
4.54,4.36,12.42,0.01,0.01,193
4.54,4.36,12.42,0.01,0.01,193
4.54,4.36,12.41,0.01,0.01,167
4.54,4.36,12.42,0.01,0.01,193
4.54,4.36,12.41,0.01,0.01,167
4.54,4.37,12.42,0.01,0.01,238
4.54,4.36,12.41,0.01,0.01,167
4.54,4.36,12.41,0.01,0.01,167
4.54,4.36,12.41,0.01,0.01,167
4.54,4.36,12.41,0.01,0.01,167
4.54,4.36,12.41,0.01,0.01,167
4.54,4.36,12.41,0.01,0.01,167
4.54,4.36,12.41,0.01,0.01,167
4.54,4.36,12.41,0.01,0.01,167
4.54,4.36,12.41,0.01,0.01,167
4.54,4.36,12.41,0.01,0.01,167
4.54,4.36,12.41,0.01,0.01,167
4.54,4.36,12.41,0.01,0.01,167
4.54,4.36,12.43,0.01,0.01,20
4.54,4.36,12.41,0.01,0.01,167
4.54,4.36,12.41,0.01,0.01,167
4.54,4.36,12.41,0.01,0.01,167
4.54,4.36,12.41,0.01,0.01,167
4.54,4.36,12.41,0.01,0.01,167
4.54,4.36,12.41,0.01,0.01,167
4.54,4.36,12.41,0.01,0.01,167
4.54,4.36,12.41,0.01,0.01,167
4.54,4.36,12.41,0.01,0.01,167
4.54,4.36,12.41,0.01,0.01,167
4.54,4.36,12.41,0.01,0.01,167
4.54,4.36,12.41,0.01,0.01,167
4.54,4.36,12.41,0.01,0.01,167
4.54,4.36,12.41,0.01,0.01,167
4.54,4.36,12.41,0.01,0.01,167
4.54,4.36,12.41,0.01,0.01,167
4.54,4.36,12.41,0.01,0.01,167
4.54,4.36,12.41,0.01,0.01,167
4.54,4.36,12.41,0.01,0.01,167
4.54,4.36,12.41,0.01,0.01,167
4.54,4.36,12.41,0.01,0.01,167
4.54,4.36,12.41,0.01,0.01,167
4.54,4.36,12.41,0.01,0.01,167
4.54,4.36,12.41,0.01,0.01,167
4.54,4.36,12.41,0.01,0.01,167
4.54,4.36,12.41,0.01,0.01,167
4.54,4.36,12.41,0.01,0.01,167
4.54,4.36,12.41,0.01,0.01,167
4.54,4.36,12.41,0.01,0.01,167
4.54,4.36,12.41,0.01,0.01,167
4.54,4.36,12.41,0.01,0.01,167
4.54,4.36,12.41,0.01,0.01,167
4.54,4.36,12.41,0.01,0.01,167
4.54,4.36,12.41,0.01,0.01,167
4.54,4.36,12.41,0.01,0.01,167
4.54,4.36,12.41,0.01,0.01,167
4.54,4.36,12.41,0.01,0.01,167
4.54,4.36,12.41,0.01,0.01,167
4.54,4.36,12.41,0.01,0.01,167
4.54,4.36,12.41,0.01,0.01,167
4.54,4.36,12.40,0.01,0.01,114
4.54,4.36,12.40,0.01,0.01,114
4.54,4.36,12.41,0.01,0.01,167
4.54,4.36,12.41,0.01,0.01,167
4.54,4.36,12.40,0.01,0.01,114
4.54,4.36,12.41,0.01,0.01,167
4.54,4.36,12.40,0.01,0.01,114
4.54,4.36,12.41,0.01,0.01,167
4.54,4.36,12.41,0.01,0.01,167
4.54,4.36,12.41,0.01,0.01,167
4.54,4.36,12.41,0.01,0.01,167
4.54,4.36,12.41,0.01,0.01,167
4.54,4.36,12.40,0.01,0.01,114
4.54,4.36,12.41,0.01,0.01,167
4.54,4.36,12.40,0.01,0.01,114
4.54,4.36,12.41,0.01,0.01,167
4.54,4.36,12.40,0.01,0.01,114
4.54,4.36,12.41,0.01,0.01,167
4.54,4.36,12.41,0.01,0.01,167
4.54,4.36,12.40,0.01,0.01,114
4.54,4.36,12.41,0.01,0.01,167
4.54,4.37,12.41,0.01,0.01,136
4.54,4.36,12.41,0.01,0.01,167
4.54,4.36,12.40,0.01,0.01,114
4.54,4.36,12.40,0.01,0.01,114
4.54,4.36,12.40,0.01,0.01,114
4.54,4.36,12.40,0.01,0.01,114
4.53,4.35,12.39,0.01,0.01,231
4.54,4.36,12.40,0.01,0.01,114
4.54,4.36,12.40,0.01,0.01,114
4.54,4.36,12.40,0.01,0.01,114
4.54,4.36,12.40,0.01,0.01,114
4.54,4.36,12.41,0.01,0.01,167
4.54,4.36,12.40,0.01,0.01,114
4.54,4.36,12.40,0.01,0.01,114
4.54,4.36,12.40,0.01,0.01,114
4.54,4.36,12.40,0.01,0.01,114
4.54,4.36,12.40,0.01,0.01,114
4.54,4.36,12.40,0.01,0.01,114
4.54,4.36,12.40,0.01,0.01,114
4.54,4.36,12.40,0.01,0.01,114
4.54,4.36,12.40,0.01,0.01,114
4.54,4.36,12.40,0.01,0.01,114
4.54,4.36,12.40,0.01,0.01,114
4.54,4.36,12.40,0.01,0.01,114
4.54,4.36,12.40,0.01,0.01,114
4.54,4.36,12.40,0.01,0.01,114
4.54,4.36,12.40,0.01,0.01,114
4.54,4.36,12.40,0.01,0.01,114
4.54,4.36,12.40,0.01,0.01,114
4.54,4.36,12.40,0.01,0.01,114
4.54,4.36,12.40,0.01,0.01,114
4.54,4.36,12.40,0.01,0.01,114
4.54,4.36,12.40,0.01,0.01,114
4.54,4.36,12.40,0.01,0.01,114
4.54,4.36,12.40,0.01,0.01,114
4.54,4.36,12.40,0.01,0.01,114
4.54,4.36,12.40,0.01,0.01,114
4.54,4.36,12.40,0.01,0.01,114
4.54,4.36,12.40,0.01,0.01,114
4.54,4.36,12.40,0.01,0.01,114
4.54,4.36,12.40,0.01,0.01,114
4.54,4.36,12.40,0.01,0.01,114
4.54,4.36,12.40,0.01,0.01,114
4.54,4.36,12.40,0.01,0.01,114
4.54,4.36,12.40,0.01,0.01,114
4.54,4.36,12.40,0.01,0.01,114
4.54,4.36,12.40,0.01,0.01,114
4.54,4.36,12.40,0.01,0.01,114
4.54,4.36,12.40,0.01,0.01,114
4.54,4.36,12.40,0.01,0.01,114
4.53,4.35,12.38,0.01,0.01,50
4.54,4.36,12.40,0.01,0.01,114
4.54,4.36,12.40,0.01,0.01,114
4.54,4.36,12.40,0.01,0.01,114
4.54,4.36,12.40,0.01,0.01,114
4.54,4.36,12.40,0.01,0.01,114
4.54,4.36,12.40,0.01,0.01,114
4.54,4.36,12.40,0.01,0.01,114
4.54,4.36,12.40,0.01,0.01,114
4.54,4.36,12.38,0.01,0.01,141
4.54,4.36,12.40,0.01,0.01,114
4.54,4.36,12.40,0.01,0.01,114
4.54,4.36,12.40,0.01,0.01,114
4.54,4.36,12.40,0.01,0.01,114
4.54,4.36,12.40,0.01,0.01,114
4.54,4.37,12.40,0.01,0.01,93
4.54,4.36,12.40,0.01,0.01,114
4.54,4.36,12.40,0.01,0.01,114
4.54,4.36,12.40,0.01,0.01,114
4.54,4.36,12.40,0.01,0.01,114
4.54,4.36,12.40,0.01,0.01,114
4.54,4.36,12.40,0.01,0.01,114
4.54,4.36,12.40,0.01,0.01,114
4.54,4.36,12.40,0.01,0.01,114
4.54,4.36,12.40,0.01,0.01,114
4.54,4.36,12.40,0.01,0.01,114
4.54,4.36,12.38,0.01,0.01,141
4.54,4.36,12.40,0.01,0.01,114
4.54,4.36,12.40,0.01,0.01,114
4.53,4.35,12.38,0.01,0.01,50
4.54,4.36,12.40,0.01,0.01,114
4.54,4.36,12.40,0.01,0.01,114
4.54,4.36,12.40,0.01,0.01,114
4.53,4.35,12.38,0.01,0.01,50
4.54,4.36,12.38,0.01,0.01,141
4.54,4.36,12.40,0.01,0.01,114
4.54,4.36,12.38,0.01,0.01,141
4.54,4.36,12.40,0.01,0.01,114
4.54,4.36,12.40,0.01,0.01,114
4.54,4.36,12.40,0.01,0.01,114
4.54,4.36,12.38,0.01,0.01,141
4.54,4.36,12.40,0.01,0.01,114
4.54,4.36,12.40,0.01,0.01,114
4.54,4.36,12.38,0.01,0.01,141
4.54,4.36,12.38,0.01,0.01,141
4.53,4.35,12.37,0.01,0.01,213
4.54,4.36,12.38,0.01,0.01,141
4.54,4.36,12.38,0.01,0.01,141
4.54,4.36,12.40,0.01,0.01,114
4.54,4.36,12.38,0.01,0.01,141
4.54,4.36,12.38,0.01,0.01,141
4.54,4.36,12.38,0.01,0.01,141
4.54,4.36,12.38,0.01,0.01,141
4.54,4.36,12.38,0.01,0.01,141
4.54,4.36,12.38,0.01,0.01,141
4.54,4.36,12.38,0.01,0.01,141
4.54,4.36,12.38,0.01,0.01,141
4.54,4.36,12.38,0.01,0.01,141
4.54,4.36,12.40,0.01,0.01,114
4.54,4.36,12.38,0.01,0.01,141
4.54,4.36,12.38,0.01,0.01,141
4.54,4.36,12.38,0.01,0.01,141
4.54,4.36,12.38,0.01,0.01,141
4.54,4.36,12.38,0.01,0.01,141
4.53,4.35,12.38,0.01,0.01,50
4.54,4.36,12.38,0.01,0.01,141
4.54,4.36,12.38,0.01,0.01,141
4.54,4.36,12.38,0.01,0.01,141
4.54,4.36,12.38,0.01,0.01,141
4.54,4.36,12.38,0.01,0.01,141
4.54,4.36,12.38,0.01,0.01,141
4.54,4.36,12.38,0.01,0.01,141
4.54,4.36,12.38,0.01,0.01,141
4.54,4.36,12.38,0.01,0.01,141
4.54,4.36,12.38,0.01,0.01,141
4.54,4.36,12.38,0.01,0.01,141
4.54,4.36,12.38,0.01,0.01,141
4.54,4.36,12.38,0.01,0.01,141
4.54,4.36,12.38,0.01,0.01,141
4.54,4.36,12.38,0.01,0.01,141
4.54,4.36,12.38,0.01,0.01,141
4.54,4.36,12.38,0.01,0.01,141
4.54,4.36,12.38,0.01,0.01,141
4.54,4.36,12.38,0.01,0.01,141
4.54,4.36,12.38,0.01,0.01,141
4.54,4.36,12.38,0.01,0.01,141
4.54,4.36,12.38,0.01,0.01,141
4.54,4.36,12.38,0.01,0.01,141
4.54,4.36,12.38,0.01,0.01,141
4.54,4.36,12.38,0.01,0.01,141
4.54,4.36,12.38,0.01,0.01,141
4.54,4.36,12.38,0.01,0.01,141
4.54,4.36,12.38,0.01,0.01,141
4.54,4.36,12.38,0.01,0.01,141
4.54,4.36,12.37,0.01,0.01,106
4.54,4.36,12.38,0.01,0.01,141
4.54,4.36,12.38,0.01,0.01,141
4.54,4.36,12.37,0.01,0.01,106
4.54,4.36,12.38,0.01,0.01,141
4.54,4.36,12.38,0.01,0.01,141
4.54,4.36,12.37,0.01,0.01,106
4.54,4.36,12.38,0.01,0.01,141
4.54,4.36,12.38,0.01,0.01,141
4.54,4.36,12.37,0.01,0.01,106
4.54,4.36,12.37,0.01,0.01,106
4.54,4.36,12.37,0.01,0.01,106
4.54,4.36,12.37,0.01,0.01,106
4.54,4.36,12.37,0.01,0.01,106
4.54,4.36,12.37,0.01,0.01,106
4.54,4.36,12.38,0.01,0.01,141
4.54,4.36,12.37,0.01,0.01,106
4.54,4.36,12.37,0.01,0.01,106
4.54,4.36,12.37,0.01,0.01,106
4.54,4.36,12.37,0.01,0.01,106
4.54,4.36,12.38,0.01,0.01,141
4.54,4.36,12.37,0.01,0.01,106
4.54,4.36,12.37,0.01,0.01,106
4.54,4.36,12.38,0.01,0.01,141
4.54,4.36,12.38,0.01,0.01,141
4.54,4.36,12.37,0.01,0.01,106
4.54,4.36,12.37,0.01,0.01,106
4.54,4.36,12.37,0.01,0.01,106
4.54,4.36,12.37,0.01,0.01,106
4.54,4.36,12.37,0.01,0.01,106
4.54,4.36,12.37,0.01,0.01,106
4.54,4.36,12.38,0.01,0.01,141
4.54,4.36,12.37,0.01,0.01,106
4.54,4.36,12.37,0.01,0.01,106
4.54,4.36,12.37,0.01,0.01,106
4.54,4.36,12.37,0.01,0.01,106
4.54,4.36,12.37,0.01,0.01,106
4.54,4.36,12.37,0.01,0.01,106
4.54,4.36,12.37,0.01,0.01,106
4.54,4.36,12.37,0.01,0.01,106
4.54,4.36,12.37,0.01,0.01,106
4.54,4.36,12.37,0.01,0.01,106
4.54,4.36,12.37,0.01,0.01,106
4.54,4.36,12.37,0.01,0.01,106
4.54,4.36,12.37,0.01,0.01,106
4.54,4.36,12.37,0.01,0.01,106
4.54,4.36,12.37,0.01,0.01,106
4.54,4.36,12.37,0.01,0.01,106
4.54,4.36,12.37,0.01,0.01,106
4.54,4.36,12.37,0.01,0.01,106
4.54,4.36,12.37,0.01,0.01,106
4.54,4.36,12.37,0.01,0.01,106
4.54,4.36,12.38,0.01,0.01,141
4.54,4.36,12.37,0.01,0.01,106
4.54,4.36,12.37,0.01,0.01,106
4.54,4.36,12.37,0.01,0.01,106
4.54,4.36,12.37,0.01,0.01,106
4.54,4.36,12.37,0.01,0.01,106
4.54,4.36,12.37,0.01,0.01,106
4.54,4.36,12.37,0.01,0.01,106
4.54,4.36,12.37,0.01,0.01,106
4.54,4.36,12.37,0.01,0.01,106
4.54,4.36,12.37,0.01,0.01,106
4.54,4.36,12.37,0.01,0.01,106
4.54,4.36,12.37,0.01,0.01,106
4.54,4.36,12.37,0.01,0.01,106
4.54,4.36,12.37,0.01,0.01,106
4.54,4.36,12.37,0.01,0.01,106
4.54,4.36,12.37,0.01,0.01,106
4.54,4.36,12.37,0.01,0.01,106
4.54,4.36,12.37,0.01,0.01,106
4.54,4.36,12.37,0.01,0.01,106
4.54,4.36,12.37,0.01,0.01,106
4.54,4.36,12.37,0.01,0.01,106
4.54,4.36,12.37,0.01,0.01,106
4.54,4.36,12.37,0.01,0.01,106
4.54,4.36,12.37,0.01,0.01,106
4.54,4.36,12.37,0.01,0.01,106
4.54,4.36,12.37,0.01,0.01,106
4.54,4.36,12.37,0.01,0.01,106
4.54,4.36,12.37,0.01,0.01,106
4.54,4.36,12.37,0.01,0.01,106
4.54,4.36,12.37,0.01,0.01,106
4.54,4.36,12.37,0.01,0.01,106
4.54,4.36,12.37,0.01,0.01,106
4.54,4.36,12.36,0.01,0.01,191
4.54,4.36,12.36,0.01,0.01,191
4.54,4.36,12.37,0.01,0.01,106
4.54,4.36,12.36,0.01,0.01,191
4.54,4.36,12.37,0.01,0.01,106
4.54,4.36,12.37,0.01,0.01,106
4.54,4.36,12.37,0.01,0.01,106
4.54,4.36,12.37,0.01,0.01,106
4.54,4.36,12.36,0.01,0.01,191
4.54,4.36,12.37,0.01,0.01,106
4.54,4.36,12.36,0.01,0.01,191
4.54,4.36,12.36,0.01,0.01,191
4.54,4.36,12.36,0.01,0.01,191
4.54,4.36,12.37,0.01,0.01,106
4.54,4.36,12.36,0.01,0.01,191
4.54,4.36,12.36,0.01,0.01,191
4.54,4.36,12.37,0.01,0.01,106
4.54,4.36,12.36,0.01,0.01,191
4.54,4.36,12.36,0.01,0.01,191
4.54,4.36,12.37,0.01,0.01,106
4.54,4.36,12.36,0.01,0.01,191
4.54,4.36,12.36,0.01,0.01,191
4.54,4.36,12.36,0.01,0.01,191
4.54,4.36,12.36,0.01,0.01,191
4.54,4.36,12.36,0.01,0.01,191
4.54,4.36,12.36,0.01,0.01,191
4.54,4.36,12.36,0.01,0.01,191
4.54,4.36,12.36,0.01,0.01,191
4.54,4.36,12.36,0.01,0.01,191
4.54,4.36,12.36,0.01,0.01,191
4.54,4.36,12.36,0.01,0.01,191
4.54,4.35,12.36,0.01,0.01,206
4.54,4.36,12.36,0.01,0.01,191
4.54,4.36,12.36,0.01,0.01,191
4.54,4.36,12.36,0.01,0.01,191
4.54,4.36,12.38,0.01,0.01,141
4.54,4.36,12.36,0.01,0.01,191
4.54,4.36,12.36,0.01,0.01,191
4.54,4.36,12.36,0.01,0.01,191
4.54,4.36,12.36,0.01,0.01,191
4.54,4.36,12.36,0.01,0.01,191
4.54,4.36,12.36,0.01,0.01,191
4.54,4.36,12.36,0.01,0.01,191
4.54,4.36,12.36,0.01,0.01,191
4.54,4.36,12.37,0.01,0.01,106
4.54,4.36,12.36,0.01,0.01,191
4.54,4.36,12.36,0.01,0.01,191
4.54,4.36,12.36,0.01,0.01,191
4.54,4.36,12.36,0.01,0.01,191
4.54,4.36,12.36,0.01,0.01,191
4.54,4.36,12.36,0.01,0.01,191
4.54,4.36,12.36,0.01,0.01,191
4.54,4.36,12.36,0.01,0.01,191
4.54,4.36,12.36,0.01,0.01,191
4.54,4.36,12.36,0.01,0.01,191
4.54,4.36,12.36,0.01,0.01,191
4.54,4.36,12.36,0.01,0.01,191
4.54,4.36,12.36,0.01,0.01,191
4.54,4.36,12.36,0.01,0.01,191
4.54,4.36,12.36,0.01,0.01,191
4.54,4.36,12.36,0.01,0.01,191
4.54,4.36,12.36,0.01,0.01,191
4.54,4.36,12.36,0.01,0.01,191
4.54,4.36,12.35,0.01,0.01,217
4.54,4.36,12.35,0.01,0.01,217
4.54,4.36,12.36,0.01,0.01,191
4.54,4.36,12.36,0.01,0.01,191
4.54,4.36,12.36,0.01,0.01,191
4.54,4.36,12.36,0.01,0.01,191
4.54,4.36,12.36,0.01,0.01,191
4.54,4.36,12.36,0.01,0.01,191
4.54,4.36,12.36,0.01,0.01,191
4.54,4.36,12.35,0.01,0.01,217
4.54,4.36,12.36,0.01,0.01,191
4.54,4.36,12.36,0.01,0.01,191
4.54,4.36,12.36,0.01,0.01,191
4.54,4.36,12.35,0.01,0.01,217
4.54,4.36,12.36,0.01,0.01,191
4.54,4.36,12.35,0.01,0.01,217
4.54,4.36,12.35,0.01,0.01,217
4.54,4.35,12.36,0.01,0.01,206
4.54,4.36,12.36,0.01,0.01,191
4.54,4.36,12.36,0.01,0.01,191
4.54,4.36,12.36,0.01,0.01,191
4.54,4.36,12.36,0.01,0.01,191
4.54,4.36,12.36,0.01,0.01,191
4.54,4.36,12.36,0.01,0.01,191
4.54,4.36,12.36,0.01,0.01,191
4.54,4.36,12.36,0.01,0.01,191
4.54,4.36,12.36,0.01,0.01,191
4.54,4.36,12.36,0.01,0.01,191
4.54,4.35,12.36,0.01,0.01,206
4.54,4.36,12.35,0.01,0.01,217
4.54,4.36,12.36,0.01,0.01,191
4.54,4.36,12.36,0.01,0.01,191
4.54,4.36,12.35,0.01,0.01,217
4.54,4.36,12.35,0.01,0.01,217
4.54,4.36,12.36,0.01,0.01,191
4.54,4.36,12.36,0.01,0.01,191
4.54,4.36,12.36,0.01,0.01,191
4.54,4.36,12.36,0.01,0.01,191
4.54,4.36,12.36,0.01,0.01,191
4.54,4.36,12.36,0.01,0.01,191
4.54,4.36,12.36,0.01,0.01,191
4.54,4.36,12.36,0.01,0.01,191
4.54,4.36,12.36,0.01,0.01,191
4.53,4.35,12.34,0.01,0.01,179
4.53,4.35,12.34,0.01,0.01,179
4.53,4.35,12.34,0.01,0.01,179
4.54,4.36,12.36,0.01,0.01,191
4.53,4.35,12.33,0.01,0.01,170
4.53,4.35,12.34,0.01,0.01,179
4.53,4.35,12.34,0.01,0.01,179
4.54,4.36,12.36,0.01,0.01,191
4.54,4.36,12.36,0.01,0.01,191
4.53,4.35,12.33,0.01,0.01,170
4.53,4.35,12.34,0.01,0.01,179
4.54,4.36,12.36,0.01,0.01,191
4.54,4.36,12.35,0.01,0.01,217
4.54,4.36,12.35,0.01,0.01,217
4.54,4.36,12.36,0.01,0.01,191
4.53,4.35,12.34,0.01,0.01,179
4.54,4.36,12.36,0.01,0.01,191
4.54,4.36,12.35,0.01,0.01,217
4.54,4.36,12.36,0.01,0.01,191
4.54,4.36,12.35,0.01,0.01,217
4.54,4.36,12.35,0.01,0.01,217
4.54,4.36,12.35,0.01,0.01,217
4.54,4.36,12.35,0.01,0.01,217
4.54,4.36,12.35,0.01,0.01,217
4.54,4.36,12.35,0.01,0.01,217
4.54,4.36,12.35,0.01,0.01,217
4.54,4.36,12.35,0.01,0.01,217
4.54,4.36,12.35,0.01,0.01,217
4.54,4.36,12.35,0.01,0.01,217
4.54,4.36,12.35,0.01,0.01,217
4.54,4.36,12.35,0.01,0.01,217
4.54,4.36,12.35,0.01,0.01,217
4.54,4.36,12.35,0.01,0.01,217
4.54,4.36,12.35,0.01,0.01,217
4.54,4.36,12.35,0.01,0.01,217
4.54,4.36,12.35,0.01,0.01,217
4.54,4.36,12.35,0.01,0.01,217
4.53,4.35,12.33,0.01,0.01,170
4.54,4.36,12.35,0.01,0.01,217
4.54,4.36,12.35,0.01,0.01,217
4.54,4.36,12.35,0.01,0.01,217
4.54,4.36,12.35,0.01,0.01,217
4.54,4.36,12.35,0.01,0.01,217
4.54,4.36,12.35,0.01,0.01,217
4.54,4.36,12.35,0.01,0.01,217
4.54,4.36,12.33,0.01,0.01,21
4.54,4.36,12.35,0.01,0.01,217
4.54,4.36,12.35,0.01,0.01,217
4.54,4.36,12.35,0.01,0.01,217
4.54,4.36,12.33,0.01,0.01,21
4.54,4.36,12.35,0.01,0.01,217
4.54,4.36,12.35,0.01,0.01,217
4.54,4.36,12.35,0.01,0.01,217
4.54,4.36,12.35,0.01,0.01,217
4.53,4.35,12.33,0.01,0.01,170
4.54,4.36,12.35,0.01,0.01,217
4.54,4.36,12.35,0.01,0.01,217
4.54,4.36,12.35,0.01,0.01,217
4.54,4.36,12.35,0.01,0.01,217
4.54,4.36,12.35,0.01,0.01,217
4.54,4.36,12.35,0.01,0.01,217
4.54,4.36,12.35,0.01,0.01,217
4.54,4.36,12.35,0.01,0.01,217
4.54,4.36,12.33,0.01,0.01,21
4.54,4.36,12.35,0.01,0.01,217
4.54,4.36,12.35,0.01,0.01,217
4.54,4.36,12.33,0.01,0.01,21
4.54,4.35,12.33,0.01,0.01,100
4.54,4.36,12.35,0.01,0.01,217
4.54,4.36,12.35,0.01,0.01,217
4.54,4.36,12.35,0.01,0.01,217
4.54,4.36,12.35,0.01,0.01,217
4.54,4.36,12.33,0.01,0.01,21
4.54,4.35,12.33,0.01,0.01,100
4.54,4.36,12.33,0.01,0.01,21
4.54,4.36,12.33,0.01,0.01,21
4.54,4.36,12.33,0.01,0.01,21
4.54,4.36,12.33,0.01,0.01,21
4.54,4.36,12.33,0.01,0.01,21
4.54,4.36,12.33,0.01,0.01,21
4.54,4.36,12.33,0.01,0.01,21
4.54,4.36,12.33,0.01,0.01,21
4.54,4.36,12.33,0.01,0.01,21
4.54,4.36,12.33,0.01,0.01,21
4.54,4.35,12.33,0.01,0.01,100
4.54,4.36,12.33,0.01,0.01,21
4.54,4.36,12.33,0.01,0.01,21
4.54,4.36,12.33,0.01,0.01,21
4.54,4.36,12.33,0.01,0.01,21
4.54,4.35,12.33,0.01,0.01,100
4.54,4.36,12.33,0.01,0.01,21
4.54,4.35,12.33,0.01,0.01,100
4.54,4.36,12.33,0.01,0.01,21
4.54,4.35,12.33,0.01,0.01,100
4.54,4.36,12.33,0.01,0.01,21
4.54,4.36,12.33,0.01,0.01,21
4.54,4.35,12.33,0.01,0.01,100
4.54,4.36,12.33,0.01,0.01,21
4.54,4.35,12.33,0.01,0.01,100
4.54,4.35,12.33,0.01,0.01,100
4.54,4.35,12.32,0.01,0.01,177
4.54,4.35,12.33,0.01,0.01,100
4.54,4.35,12.33,0.01,0.01,100
4.54,4.35,12.33,0.01,0.01,100
4.54,4.35,12.33,0.01,0.01,100
4.54,4.35,12.33,0.01,0.01,100
4.54,4.36,12.33,0.01,0.01,21
4.54,4.36,12.33,0.01,0.01,21
4.54,4.35,12.33,0.01,0.01,100
4.54,4.36,12.33,0.01,0.01,21
4.54,4.35,12.33,0.01,0.01,100
4.54,4.35,12.33,0.01,0.01,100
4.54,4.36,12.33,0.01,0.01,21
4.54,4.36,12.33,0.01,0.01,21
4.54,4.36,12.33,0.01,0.01,21
4.54,4.36,12.33,0.01,0.01,21
4.54,4.35,12.33,0.01,0.01,100
4.54,4.36,12.33,0.01,0.01,21
4.54,4.35,12.32,0.01,0.01,177
4.54,4.35,12.33,0.01,0.01,100
4.54,4.36,12.33,0.01,0.01,21
4.54,4.36,12.33,0.01,0.01,21
4.54,4.36,12.33,0.01,0.01,21
4.54,4.36,12.33,0.01,0.01,21
4.54,4.36,12.33,0.01,0.01,21
4.54,4.36,12.33,0.01,0.01,21
4.54,4.36,12.33,0.01,0.01,21
4.54,4.36,12.33,0.01,0.01,21
4.54,4.35,12.33,0.01,0.01,100
4.54,4.35,12.32,0.01,0.01,177
4.54,4.36,12.33,0.01,0.01,21
4.54,4.35,12.33,0.01,0.01,100
4.54,4.36,12.33,0.01,0.01,21
4.54,4.35,12.32,0.01,0.01,177
4.54,4.36,12.33,0.01,0.01,21
4.54,4.35,12.32,0.01,0.01,177
4.54,4.36,12.32,0.01,0.01,192
4.54,4.36,12.33,0.01,0.01,21
4.54,4.36,12.33,0.01,0.01,21
4.54,4.36,12.33,0.01,0.01,21
4.54,4.36,12.33,0.01,0.01,21
4.54,4.36,12.32,0.01,0.01,192
4.54,4.36,12.33,0.01,0.01,21
4.54,4.35,12.32,0.01,0.01,177
4.54,4.36,12.33,0.01,0.01,21
4.54,4.36,12.33,0.01,0.01,21
4.54,4.36,12.33,0.01,0.01,21
4.54,4.36,12.33,0.01,0.01,21
4.54,4.36,12.33,0.01,0.01,21
4.54,4.36,12.32,0.01,0.01,192
4.54,4.36,12.33,0.01,0.01,21
4.54,4.36,12.33,0.01,0.01,21
4.54,4.36,12.33,0.01,0.01,21
4.54,4.36,12.32,0.01,0.01,192
4.54,4.36,12.33,0.01,0.01,21
4.54,4.35,12.33,0.01,0.01,100
4.54,4.36,12.32,0.01,0.01,192
4.54,4.36,12.33,0.01,0.01,21
4.54,4.35,12.33,0.01,0.01,100
4.54,4.36,12.32,0.01,0.01,192
4.54,4.36,12.32,0.01,0.01,192
4.54,4.36,12.32,0.01,0.01,192
4.54,4.35,12.32,0.01,0.01,177
4.54,4.36,12.32,0.01,0.01,192
4.54,4.36,12.32,0.01,0.01,192
4.54,4.36,12.32,0.01,0.01,192
4.54,4.35,12.32,0.01,0.01,177
4.54,4.35,12.32,0.01,0.01,177
4.54,4.35,12.32,0.01,0.01,177
4.54,4.35,12.32,0.01,0.01,177
4.54,4.36,12.32,0.01,0.01,192
4.54,4.36,12.32,0.01,0.01,192
4.54,4.36,12.32,0.01,0.01,192
4.54,4.35,12.32,0.01,0.01,177
4.54,4.35,12.32,0.01,0.01,177
4.54,4.35,12.32,0.01,0.01,177
4.54,4.36,12.32,0.01,0.01,192
4.54,4.35,12.32,0.01,0.01,177
4.54,4.35,12.34,0.01,0.01,125
4.54,4.35,12.32,0.01,0.01,177
4.54,4.35,12.32,0.01,0.01,177
4.54,4.35,12.32,0.01,0.01,177
4.54,4.35,12.32,0.01,0.01,177
4.54,4.35,12.32,0.01,0.01,177
4.54,4.35,12.32,0.01,0.01,177
4.54,4.35,12.31,0.01,0.01,215
4.54,4.35,12.31,0.01,0.01,215
4.54,4.35,12.32,0.01,0.01,177
4.54,4.35,12.31,0.01,0.01,215
4.54,4.35,12.31,0.01,0.01,215
4.54,4.35,12.31,0.01,0.01,215
4.54,4.35,12.32,0.01,0.01,177
4.54,4.35,12.32,0.01,0.01,177
4.54,4.35,12.31,0.01,0.01,215
4.54,4.35,12.31,0.01,0.01,215
4.54,4.35,12.31,0.01,0.01,215
4.54,4.35,12.31,0.01,0.01,215
4.54,4.35,12.32,0.01,0.01,177
4.54,4.35,12.32,0.01,0.01,177
4.54,4.36,12.32,0.01,0.01,192
4.54,4.36,12.32,0.01,0.01,192
4.54,4.35,12.32,0.01,0.01,177
4.54,4.35,12.32,0.01,0.01,177
4.54,4.35,12.32,0.01,0.01,177
4.54,4.36,12.32,0.01,0.01,192
4.54,4.35,12.32,0.01,0.01,177
4.54,4.35,12.32,0.01,0.01,177
4.54,4.35,12.32,0.01,0.01,177
4.54,4.36,12.32,0.01,0.01,192
4.54,4.35,12.32,0.01,0.01,177
4.54,4.35,12.31,0.01,0.01,215
4.54,4.35,12.31,0.01,0.01,215
4.54,4.35,12.31,0.01,0.01,215
4.54,4.35,12.31,0.01,0.01,215
4.54,4.35,12.31,0.01,0.01,215
4.54,4.35,12.31,0.01,0.01,215
4.54,4.35,12.32,0.01,0.01,177
4.54,4.35,12.31,0.01,0.01,215
4.54,4.35,12.31,0.01,0.01,215
4.54,4.35,12.32,0.01,0.01,177
4.54,4.35,12.31,0.01,0.01,215
4.54,4.35,12.31,0.01,0.01,215
4.54,4.35,12.31,0.01,0.01,215
4.54,4.35,12.31,0.01,0.01,215
4.54,4.35,12.31,0.01,0.01,215
4.54,4.35,12.31,0.01,0.01,215
4.54,4.35,12.31,0.01,0.01,215
4.54,4.35,12.31,0.01,0.01,215
4.54,4.35,12.32,0.01,0.01,177
4.54,4.35,12.31,0.01,0.01,215
4.54,4.35,12.31,0.01,0.01,215
4.54,4.35,12.32,0.01,0.01,177
4.54,4.35,12.31,0.01,0.01,215
4.54,4.35,12.31,0.01,0.01,215
4.54,4.35,12.31,0.01,0.01,215
4.54,4.35,12.31,0.01,0.01,215
4.54,4.35,12.31,0.01,0.01,215
4.54,4.35,12.31,0.01,0.01,215
4.54,4.35,12.31,0.01,0.01,215
4.54,4.35,12.31,0.01,0.01,215
4.54,4.35,12.31,0.01,0.01,215
4.54,4.35,12.31,0.01,0.01,215
4.54,4.35,12.31,0.01,0.01,215
4.54,4.35,12.31,0.01,0.01,215
4.54,4.35,12.31,0.01,0.01,215
4.54,4.35,12.31,0.01,0.01,215
4.54,4.35,12.31,0.01,0.01,215
4.54,4.35,12.31,0.01,0.01,215
4.54,4.35,12.31,0.01,0.01,215
4.54,4.35,12.31,0.01,0.01,215
4.54,4.35,12.31,0.01,0.01,215
4.54,4.35,12.31,0.01,0.01,215
4.54,4.35,12.31,0.01,0.01,215
4.54,4.35,12.31,0.01,0.01,215
4.54,4.35,12.31,0.01,0.01,215
4.54,4.35,12.31,0.01,0.01,215
4.54,4.36,12.31,0.01,0.01,166
4.54,4.35,12.31,0.01,0.01,215
4.54,4.35,12.31,0.01,0.01,215
4.54,4.36,12.31,0.01,0.01,166
4.54,4.35,12.31,0.01,0.01,215
4.54,4.35,12.31,0.01,0.01,215
4.54,4.35,12.31,0.01,0.01,215
4.54,4.35,12.31,0.01,0.01,215
4.54,4.35,12.31,0.01,0.01,215
4.54,4.35,12.31,0.01,0.01,215
4.54,4.35,12.31,0.01,0.01,215
4.54,4.35,12.31,0.01,0.01,215
4.54,4.35,12.31,0.01,0.01,215
4.54,4.35,12.31,0.01,0.01,215
4.54,4.35,12.31,0.01,0.01,215
4.54,4.35,12.31,0.01,0.01,215
4.54,4.35,12.31,0.01,0.01,215
4.54,4.35,12.31,0.01,0.01,215
4.54,4.35,12.29,0.01,0.01,65
4.54,4.35,12.31,0.01,0.01,215
4.54,4.35,12.31,0.01,0.01,215
4.54,4.35,12.31,0.01,0.01,215
4.54,4.35,12.31,0.01,0.01,215
4.54,4.35,12.31,0.01,0.01,215
4.54,4.35,12.31,0.01,0.01,215
4.54,4.35,12.31,0.01,0.01,215
4.54,4.35,12.31,0.01,0.01,215
4.54,4.35,12.31,0.01,0.01,215
4.54,4.36,12.31,0.01,0.01,166
4.54,4.36,12.31,0.01,0.01,166
4.54,4.36,12.31,0.01,0.01,166
4.54,4.35,12.31,0.01,0.01,215
4.54,4.36,12.31,0.01,0.01,166
4.54,4.35,12.31,0.01,0.01,215
4.54,4.35,12.31,0.01,0.01,215
4.54,4.35,12.29,0.01,0.01,65
4.54,4.35,12.29,0.01,0.01,65
4.54,4.35,12.29,0.01,0.01,65
4.54,4.35,12.29,0.01,0.01,65
4.54,4.35,12.29,0.01,0.01,65
4.54,4.35,12.29,0.01,0.01,65
4.54,4.35,12.29,0.01,0.01,65
4.54,4.35,12.31,0.01,0.01,215
4.54,4.35,12.29,0.01,0.01,65
4.54,4.36,12.31,0.01,0.01,166
4.54,4.35,12.31,0.01,0.01,215
4.54,4.36,12.31,0.01,0.01,166
4.54,4.35,12.31,0.01,0.01,215
4.54,4.35,12.31,0.01,0.01,215
4.54,4.35,12.29,0.01,0.01,65
4.54,4.35,12.29,0.01,0.01,65
4.54,4.35,12.29,0.01,0.01,65
4.54,4.35,12.29,0.01,0.01,65
4.54,4.35,12.31,0.01,0.01,215
4.54,4.35,12.31,0.01,0.01,215
4.54,4.35,12.31,0.01,0.01,215
4.54,4.36,12.31,0.01,0.01,166
4.54,4.36,12.31,0.01,0.01,166
4.54,4.36,12.31,0.01,0.01,166
4.54,4.35,12.31,0.01,0.01,215
4.53,4.34,12.29,0.01,0.01,160
4.53,4.34,12.29,0.01,0.01,160
4.53,4.35,12.29,0.01,0.01,143
4.54,4.35,12.31,0.01,0.01,215
4.54,4.36,12.31,0.01,0.01,166
4.54,4.36,12.31,0.01,0.01,166
4.53,4.34,12.29,0.01,0.01,160
4.54,4.36,12.31,0.01,0.01,166
4.53,4.35,12.29,0.01,0.01,143
4.53,4.35,12.29,0.01,0.01,143
4.53,4.35,12.29,0.01,0.01,143
4.54,4.36,12.31,0.01,0.01,166
4.54,4.36,12.31,0.01,0.01,166
4.54,4.35,12.29,0.01,0.01,65
4.54,4.35,12.29,0.01,0.01,65
4.54,4.35,12.29,0.01,0.01,65
4.53,4.35,12.29,0.01,0.01,143
4.53,4.35,12.28,0.01,0.01,90
4.54,4.35,12.29,0.01,0.01,65
4.54,4.36,12.29,0.01,0.01,48
4.53,4.35,12.29,0.01,0.01,143
4.53,4.34,12.28,0.01,0.01,117
4.54,4.35,12.31,0.01,0.01,215
4.54,4.36,12.31,0.01,0.01,166
4.54,4.35,12.29,0.01,0.01,65
4.53,4.35,12.28,0.01,0.01,90
4.53,4.34,12.29,0.01,0.01,160
4.53,4.34,12.28,0.01,0.01,117
4.53,4.35,12.28,0.01,0.01,90
4.53,4.34,12.29,0.01,0.01,160
4.53,4.35,12.29,0.01,0.01,143
4.53,4.34,12.28,0.01,0.01,117
4.53,4.34,12.28,0.01,0.01,117
4.53,4.34,12.28,0.01,0.01,117
4.53,4.34,12.28,0.01,0.01,117
4.53,4.34,12.28,0.01,0.01,117
4.53,4.35,12.29,0.01,0.01,143
4.53,4.34,12.28,0.01,0.01,117
4.53,4.34,12.28,0.01,0.01,117
4.53,4.35,12.28,0.01,0.01,90
4.53,4.35,12.28,0.01,0.01,90
4.53,4.34,12.28,0.01,0.01,117
4.53,4.34,12.28,0.01,0.01,117
4.53,4.35,12.28,0.01,0.01,90
4.53,4.34,12.28,0.01,0.01,117
4.53,4.35,12.28,0.01,0.01,90
4.53,4.34,12.28,0.01,0.01,117
4.53,4.34,12.28,0.01,0.01,117
4.53,4.35,12.28,0.01,0.01,90
4.53,4.34,12.28,0.01,0.01,117
4.54,4.36,12.29,0.01,0.01,48
4.54,4.35,12.29,0.01,0.01,65
4.53,4.34,12.28,0.01,0.01,117
4.53,4.34,12.28,0.01,0.01,117
4.54,4.35,12.29,0.01,0.01,65
4.54,4.35,12.29,0.01,0.01,65
4.53,4.34,12.28,0.01,0.01,117
4.54,4.35,12.29,0.01,0.01,65
4.54,4.35,12.29,0.01,0.01,65
4.53,4.34,12.28,0.01,0.01,117
4.54,4.35,12.29,0.01,0.01,65
4.54,4.35,12.29,0.01,0.01,65
4.54,4.35,12.28,0.01,0.01,148
4.54,4.35,12.28,0.01,0.01,148
4.54,4.35,12.28,0.01,0.01,148
4.54,4.35,12.29,0.01,0.01,65
4.54,4.35,12.28,0.01,0.01,148
4.54,4.35,12.28,0.01,0.01,148
4.54,4.35,12.28,0.01,0.01,148
4.54,4.35,12.28,0.01,0.01,148
4.54,4.35,12.29,0.01,0.01,65
4.54,4.35,12.29,0.01,0.01,65
4.54,4.35,12.29,0.01,0.01,65
4.53,4.34,12.26,0.01,0.01,71
4.54,4.35,12.29,0.01,0.01,65
4.54,4.35,12.28,0.01,0.01,148
4.54,4.35,12.28,0.01,0.01,148
4.54,4.35,12.28,0.01,0.01,148
4.54,4.35,12.28,0.01,0.01,148
4.54,4.35,12.28,0.01,0.01,148
4.54,4.35,12.28,0.01,0.01,148
4.54,4.35,12.28,0.01,0.01,148
4.54,4.35,12.28,0.01,0.01,148
4.54,4.35,12.28,0.01,0.01,148
4.54,4.35,12.28,0.01,0.01,148
4.54,4.35,12.28,0.01,0.01,148
4.54,4.35,12.28,0.01,0.01,148
4.54,4.35,12.28,0.01,0.01,148
4.54,4.35,12.28,0.01,0.01,148
4.54,4.35,12.28,0.01,0.01,148
4.54,4.35,12.28,0.01,0.01,148
4.54,4.35,12.28,0.01,0.01,148
4.53,4.34,12.26,0.01,0.01,71
4.54,4.35,12.28,0.01,0.01,148
4.54,4.35,12.28,0.01,0.01,148
4.54,4.35,12.28,0.01,0.01,148
4.54,4.35,12.28,0.01,0.01,148
4.54,4.35,12.29,0.01,0.01,65
4.54,4.35,12.28,0.01,0.01,148
4.54,4.35,12.28,0.01,0.01,148
4.54,4.35,12.28,0.01,0.01,148
4.54,4.35,12.29,0.01,0.01,65
4.54,4.35,12.28,0.01,0.01,148
4.54,4.35,12.28,0.01,0.01,148
4.54,4.35,12.28,0.01,0.01,148
4.54,4.35,12.28,0.01,0.01,148
4.54,4.35,12.28,0.01,0.01,148
4.54,4.35,12.28,0.01,0.01,148
4.54,4.35,12.28,0.01,0.01,148
4.53,4.34,12.26,0.01,0.01,71
4.54,4.35,12.28,0.01,0.01,148
4.54,4.35,12.28,0.01,0.01,148
4.53,4.34,12.26,0.01,0.01,71
4.54,4.35,12.28,0.01,0.01,148
4.54,4.35,12.28,0.01,0.01,148
4.54,4.35,12.28,0.01,0.01,148
4.54,4.35,12.28,0.01,0.01,148
4.54,4.35,12.28,0.01,0.01,148
4.54,4.35,12.28,0.01,0.01,148
4.54,4.35,12.28,0.01,0.01,148
4.54,4.35,12.28,0.01,0.01,148
4.54,4.35,12.28,0.01,0.01,148
4.54,4.35,12.28,0.01,0.01,148
4.54,4.35,12.28,0.01,0.01,148
4.54,4.35,12.28,0.01,0.01,148
4.54,4.35,12.28,0.01,0.01,148
4.54,4.35,12.28,0.01,0.01,148
4.54,4.35,12.28,0.01,0.01,148
4.54,4.35,12.28,0.01,0.01,148
4.54,4.35,12.28,0.01,0.01,148
4.54,4.35,12.28,0.01,0.01,148
4.54,4.35,12.28,0.01,0.01,148
4.54,4.35,12.28,0.01,0.01,148
4.54,4.35,12.27,0.01,0.01,115
4.54,4.35,12.27,0.01,0.01,115
4.54,4.35,12.28,0.01,0.01,148
4.54,4.35,12.27,0.01,0.01,115
4.54,4.35,12.28,0.01,0.01,148
4.54,4.35,12.28,0.01,0.01,148
4.54,4.35,12.27,0.01,0.01,115
4.54,4.35,12.28,0.01,0.01,148
4.54,4.35,12.28,0.01,0.01,148
4.54,4.35,12.28,0.01,0.01,148
4.54,4.35,12.28,0.01,0.01,148
4.54,4.35,12.28,0.01,0.01,148
4.54,4.35,12.28,0.01,0.01,148
4.54,4.35,12.28,0.01,0.01,148
4.54,4.35,12.28,0.01,0.01,148
4.54,4.35,12.28,0.01,0.01,148
4.54,4.35,12.28,0.01,0.01,148
4.53,4.34,12.26,0.01,0.01,71
4.53,4.34,12.26,0.01,0.01,71
4.54,4.35,12.27,0.01,0.01,115
4.54,4.35,12.27,0.01,0.01,115
4.54,4.35,12.28,0.01,0.01,148
4.54,4.35,12.27,0.01,0.01,115
4.54,4.35,12.27,0.01,0.01,115
4.54,4.35,12.27,0.01,0.01,115
4.54,4.35,12.28,0.01,0.01,148
4.54,4.35,12.27,0.01,0.01,115
4.54,4.35,12.28,0.01,0.01,148
4.54,4.35,12.27,0.01,0.01,115
4.54,4.35,12.27,0.01,0.01,115
4.54,4.35,12.28,0.01,0.01,148
4.54,4.35,12.27,0.01,0.01,115
4.54,4.35,12.27,0.01,0.01,115
4.54,4.35,12.27,0.01,0.01,115
4.54,4.35,12.28,0.01,0.01,148
4.54,4.35,12.27,0.01,0.01,115
4.54,4.35,12.28,0.01,0.01,148
4.54,4.35,12.27,0.01,0.01,115
4.53,4.34,12.25,0.01,0.01,33
4.54,4.35,12.27,0.01,0.01,115
4.54,4.35,12.27,0.01,0.01,115
4.54,4.35,12.27,0.01,0.01,115
4.54,4.35,12.27,0.01,0.01,115
4.54,4.35,12.27,0.01,0.01,115
4.54,4.35,12.27,0.01,0.01,115
4.54,4.35,12.28,0.01,0.01,148
4.54,4.35,12.27,0.01,0.01,115
4.54,4.35,12.27,0.01,0.01,115
4.53,4.34,12.25,0.01,0.01,33
4.54,4.35,12.27,0.01,0.01,115
4.54,4.35,12.27,0.01,0.01,115
4.54,4.35,12.27,0.01,0.01,115
4.54,4.35,12.27,0.01,0.01,115
4.54,4.35,12.27,0.01,0.01,115
4.54,4.35,12.27,0.01,0.01,115
4.53,4.34,12.25,0.01,0.01,33
4.54,4.35,12.27,0.01,0.01,115
4.54,4.35,12.27,0.01,0.01,115
4.54,4.35,12.27,0.01,0.01,115
4.54,4.35,12.27,0.01,0.01,115
4.54,4.35,12.27,0.01,0.01,115
4.54,4.35,12.27,0.01,0.01,115
4.54,4.35,12.27,0.01,0.01,115
4.54,4.35,12.27,0.01,0.01,115
4.54,4.35,12.27,0.01,0.01,115
4.54,4.35,12.27,0.01,0.01,115
4.54,4.35,12.27,0.01,0.01,115
4.54,4.35,12.27,0.01,0.01,115
4.54,4.35,12.27,0.01,0.01,115
4.54,4.35,12.27,0.01,0.01,115
4.54,4.35,12.27,0.01,0.01,115
4.54,4.35,12.27,0.01,0.01,115
4.54,4.35,12.27,0.01,0.01,115
4.54,4.35,12.27,0.01,0.01,115
4.54,4.35,12.27,0.01,0.01,115
4.54,4.35,12.27,0.01,0.01,115
4.54,4.35,12.27,0.01,0.01,115
4.54,4.35,12.27,0.01,0.01,115
4.54,4.35,12.27,0.01,0.01,115
4.54,4.35,12.27,0.01,0.01,115
4.54,4.35,12.27,0.01,0.01,115
4.54,4.35,12.27,0.01,0.01,115
4.53,4.34,12.24,0.01,0.01,244
4.54,4.35,12.27,0.01,0.01,115
4.54,4.35,12.27,0.01,0.01,115
4.54,4.35,12.25,0.01,0.01,192
4.54,4.35,12.27,0.01,0.01,115
4.54,4.35,12.27,0.01,0.01,115
4.54,4.35,12.27,0.01,0.01,115
4.53,4.34,12.25,0.01,0.01,33
4.54,4.35,12.25,0.01,0.01,192
4.54,4.35,12.25,0.01,0.01,192
4.54,4.35,12.27,0.01,0.01,115
4.54,4.35,12.27,0.01,0.01,115
4.54,4.35,12.27,0.01,0.01,115
4.54,4.35,12.27,0.01,0.01,115
4.54,4.35,12.25,0.01,0.01,192
4.54,4.35,12.27,0.01,0.01,115
4.54,4.35,12.25,0.01,0.01,192
4.54,4.35,12.27,0.01,0.01,115
4.54,4.35,12.27,0.01,0.01,115
4.54,4.35,12.27,0.01,0.01,115
4.54,4.35,12.27,0.01,0.01,115
4.54,4.35,12.25,0.01,0.01,192
4.54,4.35,12.25,0.01,0.01,192
4.54,4.35,12.25,0.01,0.01,192
4.54,4.35,12.25,0.01,0.01,192
4.54,4.35,12.25,0.01,0.01,192
4.54,4.35,12.27,0.01,0.01,115
4.54,4.35,12.27,0.01,0.01,115
4.54,4.35,12.25,0.01,0.01,192
4.54,4.35,12.25,0.01,0.01,192
4.54,4.35,12.27,0.01,0.01,115
4.54,4.35,12.25,0.01,0.01,192
4.54,4.35,12.25,0.01,0.01,192
4.54,4.35,12.25,0.01,0.01,192
4.54,4.35,12.25,0.01,0.01,192
4.54,4.35,12.25,0.01,0.01,192
4.54,4.35,12.25,0.01,0.01,192
4.53,4.34,12.24,0.01,0.01,244
4.53,4.34,12.24,0.01,0.01,244
4.54,4.35,12.25,0.01,0.01,192
4.54,4.35,12.25,0.01,0.01,192
4.54,4.35,12.25,0.01,0.01,192
4.54,4.35,12.25,0.01,0.01,192
4.54,4.35,12.25,0.01,0.01,192
4.54,4.35,12.25,0.01,0.01,192
4.54,4.35,12.25,0.01,0.01,192
4.54,4.35,12.27,0.01,0.01,115
4.54,4.35,12.25,0.01,0.01,192
4.53,4.34,12.24,0.01,0.01,244
4.54,4.35,12.25,0.01,0.01,192
4.54,4.35,12.25,0.01,0.01,192
4.54,4.35,12.25,0.01,0.01,192
4.54,4.35,12.25,0.01,0.01,192
4.54,4.35,12.25,0.01,0.01,192
4.54,4.35,12.25,0.01,0.01,192
4.54,4.35,12.25,0.01,0.01,192
4.54,4.35,12.25,0.01,0.01,192
4.54,4.35,12.25,0.01,0.01,192
4.54,4.35,12.25,0.01,0.01,192
4.53,4.34,12.24,0.01,0.01,244
4.54,4.35,12.24,0.01,0.01,21
4.54,4.35,12.25,0.01,0.01,192
4.54,4.35,12.25,0.01,0.01,192
4.54,4.35,12.25,0.01,0.01,192
4.54,4.35,12.25,0.01,0.01,192
4.54,4.35,12.25,0.01,0.01,192
4.54,4.35,12.25,0.01,0.01,192
4.54,4.35,12.25,0.01,0.01,192
4.54,4.35,12.25,0.01,0.01,192
4.54,4.35,12.25,0.01,0.01,192
4.54,4.35,12.25,0.01,0.01,192
4.53,4.34,12.24,0.01,0.01,244
4.54,4.35,12.25,0.01,0.01,192
4.54,4.35,12.25,0.01,0.01,192
4.54,4.35,12.25,0.01,0.01,192
4.54,4.35,12.25,0.01,0.01,192
4.54,4.35,12.25,0.01,0.01,192
4.54,4.35,12.25,0.01,0.01,192
4.54,4.35,12.25,0.01,0.01,192
4.54,4.35,12.25,0.01,0.01,192
4.54,4.35,12.25,0.01,0.01,192
4.54,4.35,12.25,0.01,0.01,192
4.54,4.35,12.25,0.01,0.01,192
4.54,4.35,12.25,0.01,0.01,192
4.53,4.34,12.24,0.01,0.01,244
4.54,4.35,12.25,0.01,0.01,192
4.54,4.35,12.25,0.01,0.01,192
4.54,4.35,12.25,0.01,0.01,192
4.54,4.35,12.25,0.01,0.01,192
4.54,4.35,12.25,0.01,0.01,192
4.54,4.35,12.25,0.01,0.01,192
4.54,4.35,12.24,0.01,0.01,21
4.54,4.35,12.25,0.01,0.01,192
4.54,4.35,12.25,0.01,0.01,192
4.54,4.35,12.25,0.01,0.01,192
4.54,4.35,12.25,0.01,0.01,192
4.54,4.35,12.25,0.01,0.01,192
4.53,4.34,12.24,0.01,0.01,244
4.54,4.35,12.24,0.01,0.01,21
4.53,4.34,12.22,0.01,0.01,56
4.54,4.35,12.25,0.01,0.01,192
4.54,4.35,12.25,0.01,0.01,192
4.54,4.35,12.25,0.01,0.01,192
4.54,4.35,12.24,0.01,0.01,21
4.54,4.35,12.25,0.01,0.01,192
4.54,4.35,12.25,0.01,0.01,192
4.54,4.35,12.24,0.01,0.01,21
4.54,4.35,12.25,0.01,0.01,192
4.54,4.35,12.25,0.01,0.01,192
4.54,4.35,12.24,0.01,0.01,21
4.54,4.35,12.25,0.01,0.01,192
4.54,4.35,12.24,0.01,0.01,21
4.54,4.35,12.24,0.01,0.01,21
4.54,4.35,12.24,0.01,0.01,21
4.54,4.35,12.24,0.01,0.01,21
4.54,4.35,12.24,0.01,0.01,21
4.54,4.35,12.24,0.01,0.01,21
4.54,4.35,12.24,0.01,0.01,21
4.54,4.35,12.24,0.01,0.01,21
4.54,4.35,12.24,0.01,0.01,21
4.54,4.35,12.24,0.01,0.01,21
4.54,4.35,12.24,0.01,0.01,21
4.54,4.35,12.24,0.01,0.01,21
4.54,4.35,12.24,0.01,0.01,21
4.54,4.35,12.23,0.01,0.01,12
4.54,4.35,12.24,0.01,0.01,21
4.54,4.35,12.24,0.01,0.01,21
4.54,4.35,12.24,0.01,0.01,21
4.54,4.35,12.23,0.01,0.01,12
4.54,4.35,12.24,0.01,0.01,21
4.54,4.35,12.24,0.01,0.01,21
4.54,4.35,12.24,0.01,0.01,21
4.54,4.35,12.24,0.01,0.01,21
4.54,4.35,12.24,0.01,0.01,21
4.54,4.35,12.24,0.01,0.01,21
4.54,4.35,12.24,0.01,0.01,21
4.54,4.35,12.24,0.01,0.01,21
4.54,4.35,12.24,0.01,0.01,21
4.54,4.35,12.24,0.01,0.01,21
4.54,4.35,12.24,0.01,0.01,21
4.54,4.35,12.24,0.01,0.01,21
4.54,4.35,12.24,0.01,0.01,21
4.54,4.35,12.23,0.01,0.01,12
4.54,4.35,12.24,0.01,0.01,21
4.54,4.35,12.23,0.01,0.01,12
4.54,4.35,12.24,0.01,0.01,21
4.54,4.35,12.23,0.01,0.01,12
4.54,4.35,12.23,0.01,0.01,12
4.54,4.35,12.24,0.01,0.01,21
4.54,4.35,12.24,0.01,0.01,21
4.54,4.35,12.24,0.01,0.01,21
4.54,4.35,12.24,0.01,0.01,21
4.54,4.35,12.23,0.01,0.01,12
4.54,4.35,12.24,0.01,0.01,21
4.54,4.35,12.23,0.01,0.01,12
4.54,4.35,12.23,0.01,0.01,12
4.54,4.35,12.23,0.01,0.01,12
4.54,4.35,12.23,0.01,0.01,12
4.54,4.35,12.23,0.01,0.01,12
4.54,4.35,12.23,0.01,0.01,12
4.54,4.35,12.23,0.01,0.01,12
4.54,4.35,12.23,0.01,0.01,12
4.54,4.35,12.23,0.01,0.01,12
4.54,4.35,12.23,0.01,0.01,12
4.54,4.35,12.23,0.01,0.01,12
4.54,4.35,12.23,0.01,0.01,12
4.54,4.35,12.23,0.01,0.01,12
4.54,4.35,12.23,0.01,0.01,12
4.54,4.35,12.23,0.01,0.01,12
4.54,4.35,12.23,0.01,0.01,12
4.54,4.35,12.23,0.01,0.01,12
4.54,4.35,12.23,0.01,0.01,12
4.54,4.35,12.23,0.01,0.01,12
4.54,4.35,12.23,0.01,0.01,12
4.54,4.35,12.23,0.01,0.01,12
4.54,4.35,12.23,0.01,0.01,12
4.54,4.35,12.23,0.01,0.01,12
4.54,4.35,12.23,0.01,0.01,12
4.54,4.35,12.23,0.01,0.01,12
4.54,4.35,12.23,0.01,0.01,12
4.54,4.35,12.23,0.01,0.01,12
4.54,4.35,12.23,0.01,0.01,12
4.54,4.35,12.23,0.01,0.01,12
4.54,4.35,12.23,0.01,0.01,12
4.54,4.35,12.23,0.01,0.01,12
4.54,4.35,12.23,0.01,0.01,12
4.54,4.35,12.23,0.01,0.01,12
4.54,4.35,12.23,0.01,0.01,12
4.54,4.35,12.23,0.01,0.01,12
4.54,4.35,12.23,0.01,0.01,12
4.54,4.35,12.23,0.01,0.01,12
4.54,4.35,12.23,0.01,0.01,12
4.54,4.35,12.23,0.01,0.01,12
4.54,4.35,12.23,0.01,0.01,12
4.54,4.35,12.23,0.01,0.01,12
4.54,4.35,12.23,0.01,0.01,12
4.54,4.35,12.23,0.01,0.01,12
4.54,4.35,12.23,0.01,0.01,12
4.54,4.35,12.23,0.01,0.01,12
4.54,4.35,12.23,0.01,0.01,12
4.54,4.35,12.23,0.01,0.01,12
4.54,4.35,12.23,0.01,0.01,12
4.54,4.35,12.23,0.01,0.01,12
4.54,4.35,12.23,0.01,0.01,12
4.54,4.35,12.23,0.01,0.01,12
4.54,4.35,12.21,0.01,0.01,191
4.54,4.35,12.23,0.01,0.01,12
4.54,4.35,12.23,0.01,0.01,12
4.54,4.35,12.23,0.01,0.01,12
4.54,4.35,12.23,0.01,0.01,12
4.54,4.33,12.23,0.01,0.01,238
4.54,4.35,12.23,0.01,0.01,12
4.54,4.35,12.23,0.01,0.01,12
4.54,4.35,12.23,0.01,0.01,12
4.54,4.35,12.23,0.01,0.01,12
4.54,4.35,12.23,0.01,0.01,12
4.54,4.35,12.23,0.01,0.01,12
4.54,4.35,12.23,0.01,0.01,12
4.54,4.35,12.23,0.01,0.01,12
4.54,4.33,12.23,0.01,0.01,238
4.54,4.35,12.23,0.01,0.01,12
4.54,4.35,12.23,0.01,0.01,12
4.54,4.35,12.23,0.01,0.01,12
4.54,4.33,12.21,0.01,0.01,93
4.54,4.35,12.23,0.01,0.01,12
4.54,4.35,12.21,0.01,0.01,191
4.54,4.35,12.23,0.01,0.01,12
4.54,4.35,12.23,0.01,0.01,12
4.54,4.35,12.23,0.01,0.01,12
4.54,4.33,12.21,0.01,0.01,93
4.54,4.35,12.21,0.01,0.01,191
4.54,4.35,12.21,0.01,0.01,191
4.54,4.35,12.23,0.01,0.01,12
4.54,4.33,12.23,0.01,0.01,238
4.54,4.35,12.23,0.01,0.01,12
4.54,4.33,12.21,0.01,0.01,93
4.54,4.35,12.21,0.01,0.01,191
4.54,4.35,12.21,0.01,0.01,191
4.54,4.35,12.21,0.01,0.01,191
4.54,4.33,12.21,0.01,0.01,93
4.54,4.34,12.23,0.01,0.01,35
4.54,4.34,12.23,0.01,0.01,35
4.54,4.35,12.21,0.01,0.01,191
4.54,4.33,12.21,0.01,0.01,93
4.54,4.35,12.21,0.01,0.01,191
4.54,4.33,12.21,0.01,0.01,93
4.54,4.33,12.21,0.01,0.01,93
4.54,4.35,12.21,0.01,0.01,191
4.54,4.33,12.21,0.01,0.01,93
4.54,4.35,12.21,0.01,0.01,191
4.54,4.35,12.21,0.01,0.01,191
4.54,4.33,12.21,0.01,0.01,93
4.54,4.35,12.21,0.01,0.01,191
4.54,4.33,12.21,0.01,0.01,93
4.54,4.33,12.21,0.01,0.01,93
4.54,4.35,12.21,0.01,0.01,191
4.54,4.35,12.21,0.01,0.01,191
4.54,4.35,12.21,0.01,0.01,191
4.54,4.35,12.21,0.01,0.01,191
4.54,4.33,12.21,0.01,0.01,93
4.54,4.33,12.21,0.01,0.01,93
4.54,4.33,12.21,0.01,0.01,93
4.54,4.34,12.23,0.01,0.01,35
4.54,4.35,12.21,0.01,0.01,191
4.54,4.35,12.21,0.01,0.01,191
4.54,4.34,12.23,0.01,0.01,35
4.54,4.33,12.21,0.01,0.01,93
4.54,4.35,12.21,0.01,0.01,191
4.54,4.35,12.21,0.01,0.01,191
4.54,4.33,12.21,0.01,0.01,93
4.54,4.33,12.21,0.01,0.01,93
4.54,4.35,12.21,0.01,0.01,191
4.54,4.35,12.21,0.01,0.01,191
4.54,4.35,12.21,0.01,0.01,191
4.54,4.35,12.23,0.01,0.01,12
4.54,4.33,12.20,0.01,0.01,136
4.54,4.35,12.20,0.01,0.01,106
4.54,4.35,12.20,0.01,0.01,106
4.54,4.33,12.21,0.01,0.01,93
4.54,4.33,12.21,0.01,0.01,93
4.54,4.33,12.20,0.01,0.01,136
4.54,4.33,12.21,0.01,0.01,93
4.54,4.35,12.21,0.01,0.01,191
4.54,4.35,12.21,0.01,0.01,191
4.54,4.33,12.21,0.01,0.01,93
4.54,4.33,12.21,0.01,0.01,93
4.54,4.35,12.21,0.01,0.01,191
4.54,4.33,12.21,0.01,0.01,93
4.54,4.34,12.22,0.01,0.01,246
4.54,4.35,12.20,0.01,0.01,106
4.54,4.33,12.21,0.01,0.01,93
4.54,4.35,12.20,0.01,0.01,106
4.54,4.35,12.21,0.01,0.01,191
4.54,4.33,12.21,0.01,0.01,93
4.54,4.35,12.21,0.01,0.01,191
4.54,4.35,12.21,0.01,0.01,191
4.54,4.35,12.21,0.01,0.01,191
4.54,4.35,12.20,0.01,0.01,106
4.54,4.35,12.20,0.01,0.01,106
4.54,4.35,12.21,0.01,0.01,191
4.54,4.35,12.20,0.01,0.01,106
4.54,4.35,12.20,0.01,0.01,106
4.54,4.35,12.20,0.01,0.01,106
4.54,4.33,12.21,0.01,0.01,93
4.54,4.35,12.20,0.01,0.01,106
4.54,4.35,12.20,0.01,0.01,106
4.54,4.35,12.21,0.01,0.01,191
4.54,4.33,12.21,0.01,0.01,93
4.54,4.35,12.21,0.01,0.01,191
4.54,4.33,12.20,0.01,0.01,136
4.54,4.35,12.20,0.01,0.01,106
4.54,4.33,12.20,0.01,0.01,136
4.54,4.35,12.20,0.01,0.01,106
4.54,4.33,12.20,0.01,0.01,136
4.54,4.35,12.20,0.01,0.01,106
4.54,4.35,12.20,0.01,0.01,106
4.54,4.33,12.20,0.01,0.01,136
4.54,4.33,12.20,0.01,0.01,136
4.54,4.35,12.20,0.01,0.01,106
4.54,4.35,12.21,0.01,0.01,191
4.54,4.35,12.20,0.01,0.01,106
4.54,4.33,12.21,0.01,0.01,93
4.54,4.33,12.20,0.01,0.01,136
4.54,4.35,12.20,0.01,0.01,106
4.54,4.35,12.21,0.01,0.01,191
4.54,4.33,12.21,0.01,0.01,93
4.54,4.33,12.21,0.01,0.01,93
4.54,4.35,12.21,0.01,0.01,191
4.54,4.33,12.21,0.01,0.01,93
4.54,4.35,12.20,0.01,0.01,106
4.54,4.33,12.20,0.01,0.01,136
4.54,4.35,12.20,0.01,0.01,106
4.54,4.33,12.20,0.01,0.01,136
4.54,4.35,12.20,0.01,0.01,106
4.54,4.35,12.20,0.01,0.01,106
4.54,4.35,12.20,0.01,0.01,106
4.54,4.33,12.20,0.01,0.01,136
4.54,4.35,12.20,0.01,0.01,106
4.54,4.35,12.20,0.01,0.01,106
4.54,4.35,12.20,0.01,0.01,106
4.54,4.35,12.20,0.01,0.01,106
4.54,4.33,12.20,0.01,0.01,136
4.54,4.35,12.20,0.01,0.01,106
4.54,4.35,12.20,0.01,0.01,106
4.54,4.35,12.20,0.01,0.01,106
4.54,4.35,12.20,0.01,0.01,106
4.54,4.35,12.20,0.01,0.01,106
4.54,4.35,12.20,0.01,0.01,106
4.54,4.35,12.20,0.01,0.01,106
4.54,4.33,12.20,0.01,0.01,136
4.54,4.35,12.20,0.01,0.01,106
4.54,4.35,12.20,0.01,0.01,106
4.54,4.35,12.20,0.01,0.01,106
4.54,4.35,12.20,0.01,0.01,106
4.54,4.35,12.20,0.01,0.01,106
4.54,4.35,12.20,0.01,0.01,106
4.54,4.35,12.20,0.01,0.01,106
4.54,4.35,12.20,0.01,0.01,106
4.54,4.35,12.20,0.01,0.01,106
4.54,4.35,12.20,0.01,0.01,106
4.54,4.33,12.20,0.01,0.01,136
4.54,4.35,12.20,0.01,0.01,106
4.54,4.35,12.21,0.01,0.01,191
4.53,4.34,12.20,0.01,0.01,139
4.53,4.33,12.20,0.01,0.01,70
4.53,4.34,12.18,0.01,0.01,205
4.54,4.35,12.21,0.01,0.01,191
4.54,4.35,12.20,0.01,0.01,106
4.53,4.34,12.20,0.01,0.01,139
4.54,4.35,12.20,0.01,0.01,106
4.54,4.35,12.20,0.01,0.01,106
4.53,4.34,12.18,0.01,0.01,205
4.54,4.35,12.20,0.01,0.01,106
4.54,4.35,12.20,0.01,0.01,106
4.54,4.35,12.21,0.01,0.01,191
4.53,4.33,12.18,0.01,0.01,0
4.53,4.34,12.18,0.01,0.01,205
4.53,4.34,12.18,0.01,0.01,205
4.54,4.35,12.20,0.01,0.01,106
4.54,4.35,12.20,0.01,0.01,106
4.54,4.35,12.20,0.01,0.01,106
4.53,4.34,12.18,0.01,0.01,205
4.54,4.35,12.20,0.01,0.01,106
4.54,4.33,12.20,0.01,0.01,136
4.54,4.33,12.20,0.01,0.01,136
4.54,4.33,12.20,0.01,0.01,136
4.53,4.34,12.18,0.01,0.01,205
4.54,4.35,12.20,0.01,0.01,106
4.53,4.33,12.18,0.01,0.01,0
4.54,4.35,12.20,0.01,0.01,106
4.53,4.34,12.18,0.01,0.01,205
4.53,4.33,12.18,0.01,0.01,0
4.53,4.34,12.18,0.01,0.01,205
4.54,4.35,12.20,0.01,0.01,106
4.54,4.35,12.20,0.01,0.01,106
4.53,4.33,12.18,0.01,0.01,0
4.54,4.35,12.20,0.01,0.01,106
4.54,4.35,12.20,0.01,0.01,106
4.54,4.33,12.20,0.01,0.01,136
4.53,4.34,12.18,0.01,0.01,205
4.54,4.35,12.20,0.01,0.01,106
4.54,4.33,12.20,0.01,0.01,136
4.54,4.35,12.19,0.01,0.01,249
4.54,4.35,12.20,0.01,0.01,106
4.54,4.35,12.20,0.01,0.01,106
4.54,4.35,12.20,0.01,0.01,106
4.54,4.33,12.19,0.01,0.01,27
4.54,4.33,12.20,0.01,0.01,136
4.54,4.33,12.19,0.01,0.01,27
4.54,4.33,12.19,0.01,0.01,27
4.54,4.33,12.20,0.01,0.01,136
4.54,4.33,12.20,0.01,0.01,136
4.54,4.35,12.20,0.01,0.01,106
4.54,4.35,12.19,0.01,0.01,249
4.54,4.33,12.19,0.01,0.01,27
4.54,4.33,12.19,0.01,0.01,27
4.54,4.33,12.20,0.01,0.01,136
4.54,4.33,12.19,0.01,0.01,27
4.54,4.35,12.19,0.01,0.01,249
4.54,4.35,12.19,0.01,0.01,249
4.54,4.33,12.19,0.01,0.01,27
4.54,4.33,12.19,0.01,0.01,27
4.54,4.35,12.20,0.01,0.01,106
4.54,4.35,12.19,0.01,0.01,249
4.54,4.35,12.19,0.01,0.01,249
4.54,4.35,12.19,0.01,0.01,249
4.54,4.35,12.19,0.01,0.01,249
4.54,4.35,12.19,0.01,0.01,249
4.54,4.35,12.19,0.01,0.01,249
4.54,4.33,12.19,0.01,0.01,27
4.54,4.33,12.19,0.01,0.01,27
4.54,4.33,12.19,0.01,0.01,27
4.54,4.33,12.19,0.01,0.01,27
4.53,4.34,12.17,0.01,0.01,42
4.54,4.33,12.19,0.01,0.01,27
4.54,4.33,12.19,0.01,0.01,27
4.54,4.33,12.19,0.01,0.01,27
4.54,4.33,12.19,0.01,0.01,27
4.54,4.35,12.19,0.01,0.01,249
4.54,4.33,12.19,0.01,0.01,27
4.54,4.33,12.19,0.01,0.01,27
4.54,4.33,12.17,0.01,0.01,41
4.54,4.33,12.17,0.01,0.01,41
4.54,4.33,12.17,0.01,0.01,41
4.54,4.33,12.19,0.01,0.01,27
4.54,4.33,12.19,0.01,0.01,27
4.54,4.33,12.19,0.01,0.01,27
4.54,4.33,12.17,0.01,0.01,41
4.54,4.33,12.19,0.01,0.01,27
4.54,4.35,12.19,0.01,0.01,249
4.54,4.33,12.17,0.01,0.01,41
4.54,4.33,12.19,0.01,0.01,27
4.54,4.33,12.19,0.01,0.01,27
4.54,4.33,12.19,0.01,0.01,27
4.54,4.33,12.17,0.01,0.01,41
4.54,4.33,12.19,0.01,0.01,27
4.54,4.33,12.19,0.01,0.01,27
4.54,4.33,12.19,0.01,0.01,27
4.54,4.33,12.19,0.01,0.01,27
4.54,4.33,12.17,0.01,0.01,41
4.54,4.33,12.17,0.01,0.01,41
4.54,4.33,12.19,0.01,0.01,27
4.54,4.33,12.17,0.01,0.01,41
4.54,4.33,12.17,0.01,0.01,41
4.54,4.35,12.17,0.01,0.01,203
4.54,4.33,12.17,0.01,0.01,41
4.49,4.34,12.19,0.01,0.01,97
4.49,4.34,12.19,0.01,0.01,97
4.49,4.34,12.19,0.01,0.01,97
4.48,4.33,12.17,0.01,0.01,9
4.48,4.33,12.17,0.01,0.01,9
4.49,4.34,12.19,0.01,0.01,97
4.49,4.34,12.19,0.01,0.01,97
4.49,4.34,12.17,0.01,0.01,83
4.49,4.34,12.17,0.01,0.01,83
4.49,4.34,12.19,0.01,0.01,97
4.49,4.34,12.17,0.01,0.01,83
4.49,4.34,12.19,0.01,0.01,97
4.49,4.34,12.17,0.01,0.01,83
4.48,4.33,12.16,0.01,0.01,220
4.49,4.34,12.19,0.01,0.01,97
4.49,4.34,12.19,0.01,0.01,97
4.48,4.33,12.16,0.01,0.01,220
4.49,4.34,12.19,0.01,0.01,97
4.49,4.34,12.17,0.01,0.01,83
4.49,4.34,12.19,0.01,0.01,97
4.49,4.34,12.17,0.01,0.01,83
4.49,4.34,12.17,0.01,0.01,83
4.49,4.34,12.19,0.01,0.01,97
4.48,4.33,12.16,0.01,0.01,220
4.49,4.34,12.19,0.01,0.01,97
4.49,4.34,12.17,0.01,0.01,83
4.49,4.34,12.17,0.01,0.01,83
4.49,4.34,12.17,0.01,0.01,83
4.49,4.34,12.17,0.01,0.01,83
4.49,4.34,12.19,0.01,0.01,97
4.49,4.34,12.17,0.01,0.01,83
4.49,4.34,12.19,0.01,0.01,97
4.49,4.34,12.17,0.01,0.01,83
4.49,4.34,12.17,0.01,0.01,83
4.49,4.34,12.19,0.01,0.01,97
4.49,4.34,12.17,0.01,0.01,83
4.49,4.34,12.17,0.01,0.01,83
4.49,4.34,12.17,0.01,0.01,83
4.49,4.34,12.17,0.01,0.01,83
4.49,4.34,12.17,0.01,0.01,83
