Battery-1,Battery-2,Battery-3,Battery-4
6.66,13.02,0.01,0.01
6.66,13.02,0.01,0.01
6.66,13.02,0.01,0.01
6.66,13.02,0.01,0.01
6.65,13.02,0.01,0.01
6.65,13.02,0.01,0.01
6.65,13.02,0.01,0.01
6.65,13.02,0.01,0.01
6.65,13.02,0.01,0.01
6.64,13.02,0.01,0.01
6.64,13.01,0.01,0.01
6.64,13.01,0.01,0.01
6.64,13.01,0.01,0.01
6.56,12.86,0.01,0.01
6.64,13.02,0.01,0.01
6.64,13.01,0.01,0.01
6.62,13.02,0.01,0.01
6.64,13.01,0.01,0.01
6.62,13.01,0.01,0.01
6.62,13.01,0.01,0.01
6.62,13.01,0.01,0.01
6.62,13.01,0.01,0.01
6.62,13.01,0.01,0.01
6.62,13.01,0.01,0.01
6.62,13.01,0.01,0.01
6.62,13.01,0.01,0.01
6.61,13.01,0.01,0.01
6.62,13.01,0.01,0.01
6.62,12.99,0.01,0.01
6.62,13.01,0.01,0.01
6.62,13.01,0.01,0.01
6.61,12.99,0.01,0.01
6.61,12.99,0.01,0.01
6.61,13.01,0.01,0.01
6.61,12.99,0.01,0.01
6.61,12.99,0.01,0.01
6.61,12.99,0.01,0.01
6.61,12.99,0.01,0.01
6.61,12.99,0.01,0.01
6.61,12.99,0.01,0.01
6.61,12.99,0.01,0.01
6.61,12.99,0.01,0.01
6.61,12.99,0.01,0.01
6.61,12.99,0.01,0.01
6.61,12.99,0.01,0.01
6.61,12.98,0.01,0.01
6.61,12.99,0.01,0.01
6.61,12.99,0.01,0.01
6.60,12.99,0.01,0.01
6.61,12.98,0.01,0.01
6.61,12.98,0.01,0.01
6.61,12.99,0.01,0.01
6.60,12.98,0.01,0.01
6.60,12.98,0.01,0.01
6.60,12.98,0.01,0.01
6.60,12.98,0.01,0.01
6.60,12.98,0.01,0.01
6.60,12.98,0.01,0.01
6.60,12.98,0.01,0.01
6.60,12.98,0.01,0.01
6.60,12.98,0.01,0.01
6.60,12.97,0.01,0.01
6.60,12.98,0.01,0.01
6.60,12.98,0.01,0.01
6.60,12.98,0.01,0.01
6.60,12.97,0.01,0.01
6.60,12.97,0.01,0.01
6.60,12.97,0.01,0.01
6.60,12.97,0.01,0.01
6.60,12.97,0.01,0.01
6.58,12.97,0.01,0.01
6.60,12.97,0.01,0.01
6.58,12.97,0.01,0.01
6.57,12.98,0.01,0.01
6.58,12.97,0.01,0.01
6.58,12.97,0.01,0.01
6.58,12.97,0.01,0.01
6.58,12.97,0.01,0.01
6.58,12.97,0.01,0.01
6.60,12.95,0.01,0.01
6.58,12.97,0.01,0.01
6.58,12.97,0.01,0.01
6.58,12.97,0.01,0.01
6.58,12.97,0.01,0.01
6.58,12.97,0.01,0.01
6.58,12.97,0.01,0.01
6.58,12.97,0.01,0.01
6.58,12.95,0.01,0.01
6.58,12.95,0.01,0.01
6.58,12.95,0.01,0.01
6.58,12.95,0.01,0.01
6.58,12.95,0.01,0.01
6.58,12.95,0.01,0.01
6.58,12.95,0.01,0.01
6.58,12.95,0.01,0.01
6.58,12.95,0.01,0.01
6.58,12.95,0.01,0.01
6.58,12.95,0.01,0.01
6.57,12.95,0.01,0.01
6.58,12.95,0.01,0.01
6.57,12.95,0.01,0.01
6.57,12.95,0.01,0.01
6.58,12.95,0.01,0.01
6.58,12.94,0.01,0.01
6.57,12.95,0.01,0.01
6.57,12.95,0.01,0.01
6.57,12.94,0.01,0.01
6.57,12.95,0.01,0.01
6.57,12.95,0.01,0.01
6.57,12.95,0.01,0.01
6.57,12.94,0.01,0.01
6.57,12.94,0.01,0.01
6.57,12.95,0.01,0.01
6.57,12.94,0.01,0.01
6.57,12.94,0.01,0.01
6.57,12.94,0.01,0.01
6.57,12.94,0.01,0.01
6.57,12.94,0.01,0.01
6.57,12.94,0.01,0.01
6.57,12.94,0.01,0.01
6.57,12.95,0.01,0.01
6.57,12.94,0.01,0.01
6.57,12.94,0.01,0.01
6.57,12.94,0.01,0.01
6.56,12.94,0.01,0.01
6.56,12.94,0.01,0.01
6.56,12.94,0.01,0.01
6.56,12.94,0.01,0.01
6.56,12.94,0.01,0.01
6.56,12.93,0.01,0.01
6.56,12.94,0.01,0.01
6.56,12.94,0.01,0.01
6.56,12.94,0.01,0.01
6.57,12.94,0.01,0.01
6.56,12.93,0.01,0.01
6.56,12.94,0.01,0.01
6.56,12.94,0.01,0.01
6.56,12.94,0.01,0.01
6.56,12.93,0.01,0.01
6.57,12.94,0.01,0.01
6.56,12.94,0.01,0.01
6.57,12.93,0.01,0.01
6.56,12.93,0.01,0.01
6.56,12.93,0.01,0.01
6.56,12.93,0.01,0.01
6.56,12.93,0.01,0.01
6.56,12.94,0.01,0.01
6.56,12.93,0.01,0.01
6.56,12.93,0.01,0.01
6.56,12.93,0.01,0.01
6.56,12.93,0.01,0.01
6.56,12.93,0.01,0.01
6.56,12.93,0.01,0.01
6.56,12.91,0.01,0.01
6.56,12.91,0.01,0.01
6.56,12.93,0.01,0.01
6.56,12.93,0.01,0.01
6.56,12.93,0.01,0.01
6.56,12.93,0.01,0.01
6.56,12.93,0.01,0.01
6.56,12.93,0.01,0.01
6.56,12.91,0.01,0.01
6.56,12.93,0.01,0.01
6.56,12.93,0.01,0.01
6.56,12.93,0.01,0.01
6.56,12.93,0.01,0.01
6.56,12.93,0.01,0.01
6.56,12.91,0.01,0.01
6.56,12.93,0.01,0.01
6.54,12.91,0.01,0.01
6.56,12.93,0.01,0.01
6.56,12.91,0.01,0.01
6.54,12.91,0.01,0.01
6.56,12.91,0.01,0.01
6.54,12.91,0.01,0.01
6.54,12.91,0.01,0.01
6.54,12.91,0.01,0.01
6.54,12.91,0.01,0.01
6.54,12.91,0.01,0.01
6.54,12.93,0.01,0.01
6.54,12.91,0.01,0.01
6.54,12.93,0.01,0.01
6.54,12.91,0.01,0.01
6.54,12.91,0.01,0.01
6.54,12.91,0.01,0.01
6.54,12.91,0.01,0.01
6.53,12.91,0.01,0.01
6.53,12.91,0.01,0.01
6.54,12.91,0.01,0.01
6.54,12.91,0.01,0.01
6.54,12.91,0.01,0.01
6.54,12.91,0.01,0.01
6.54,12.91,0.01,0.01
6.54,12.91,0.01,0.01
6.54,12.91,0.01,0.01
6.54,12.91,0.01,0.01
6.54,12.91,0.01,0.01
6.54,12.91,0.01,0.01
6.54,12.91,0.01,0.01
6.54,12.91,0.01,0.01
6.54,12.91,0.01,0.01
6.53,12.91,0.01,0.01
6.53,12.91,0.01,0.01
6.53,12.93,0.01,0.01
6.53,12.91,0.01,0.01
6.53,12.91,0.01,0.01
6.53,12.91,0.01,0.01
6.53,12.90,0.01,0.01
6.53,12.90,0.01,0.01
6.53,12.91,0.01,0.01
6.54,12.90,0.01,0.01
6.54,12.91,0.01,0.01
6.54,12.91,0.01,0.01
6.53,12.90,0.01,0.01
6.54,12.90,0.01,0.01
6.53,12.90,0.01,0.01
6.53,12.90,0.01,0.01
6.53,12.90,0.01,0.01
6.53,12.90,0.01,0.01
6.53,12.91,0.01,0.01
6.53,12.90,0.01,0.01
6.53,12.90,0.01,0.01
6.53,12.90,0.01,0.01
6.53,12.91,0.01,0.01
6.53,12.91,0.01,0.01
6.53,12.90,0.01,0.01
6.53,12.90,0.01,0.01
6.53,12.90,0.01,0.01
6.53,12.90,0.01,0.01
6.53,12.90,0.01,0.01
6.53,12.90,0.01,0.01
6.53,12.90,0.01,0.01
6.52,12.90,0.01,0.01
6.53,12.90,0.01,0.01
6.53,12.90,0.01,0.01
6.53,12.90,0.01,0.01
6.53,12.90,0.01,0.01
6.53,12.90,0.01,0.01
6.53,12.90,0.01,0.01
6.52,12.90,0.01,0.01
6.52,12.90,0.01,0.01
6.53,12.90,0.01,0.01
6.53,12.90,0.01,0.01
6.53,12.90,0.01,0.01
6.53,12.90,0.01,0.01
6.53,12.90,0.01,0.01
6.53,12.90,0.01,0.01
6.53,12.90,0.01,0.01
6.53,12.89,0.01,0.01
6.53,12.89,0.01,0.01
6.53,12.89,0.01,0.01
6.53,12.90,0.01,0.01
6.53,12.90,0.01,0.01
6.53,12.90,0.01,0.01
6.53,12.90,0.01,0.01
6.53,12.89,0.01,0.01
6.53,12.90,0.01,0.01
6.53,12.90,0.01,0.01
6.53,12.90,0.01,0.01
6.53,12.90,0.01,0.01
6.53,12.90,0.01,0.01
6.53,12.90,0.01,0.01
6.53,12.90,0.01,0.01
6.53,12.89,0.01,0.01
6.53,12.89,0.01,0.01
6.52,12.90,0.01,0.01
6.52,12.90,0.01,0.01
6.52,12.90,0.01,0.01
6.52,12.90,0.01,0.01
6.52,12.89,0.01,0.01
6.52,12.89,0.01,0.01
6.52,12.89,0.01,0.01
6.52,12.89,0.01,0.01
6.53,12.89,0.01,0.01
6.53,12.89,0.01,0.01
6.52,12.89,0.01,0.01
6.52,12.89,0.01,0.01
6.52,12.89,0.01,0.01
6.52,12.89,0.01,0.01
6.52,12.89,0.01,0.01
6.52,12.89,0.01,0.01
6.52,12.89,0.01,0.01
6.52,12.89,0.01,0.01
6.52,12.88,0.01,0.01
6.53,12.89,0.01,0.01
6.52,12.89,0.01,0.01
6.52,12.89,0.01,0.01
6.52,12.88,0.01,0.01
6.52,12.89,0.01,0.01
6.52,12.88,0.01,0.01
6.52,12.88,0.01,0.01
6.52,12.88,0.01,0.01
6.52,12.88,0.01,0.01
6.52,12.88,0.01,0.01
6.52,12.88,0.01,0.01
6.52,12.88,0.01,0.01
6.52,12.88,0.01,0.01
6.52,12.88,0.01,0.01
6.52,12.88,0.01,0.01
6.52,12.89,0.01,0.01
6.52,12.88,0.01,0.01
6.52,12.88,0.01,0.01
6.52,12.88,0.01,0.01
6.52,12.88,0.01,0.01
6.52,12.86,0.01,0.01
6.52,12.88,0.01,0.01
6.52,12.88,0.01,0.01
6.52,12.88,0.01,0.01
6.52,12.88,0.01,0.01
6.52,12.88,0.01,0.01
6.52,12.88,0.01,0.01
6.52,12.88,0.01,0.01
6.50,12.88,0.01,0.01
6.52,12.88,0.01,0.01
6.52,12.88,0.01,0.01
6.52,12.86,0.01,0.01
6.52,12.88,0.01,0.01
6.52,12.88,0.01,0.01
6.50,12.88,0.01,0.01
6.52,12.86,0.01,0.01
6.52,12.88,0.01,0.01
6.52,12.86,0.01,0.01
6.50,12.88,0.01,0.01
6.52,12.86,0.01,0.01
6.50,12.86,0.01,0.01
6.52,12.86,0.01,0.01
6.52,12.86,0.01,0.01
6.50,12.86,0.01,0.01
6.50,12.86,0.01,0.01
6.50,12.86,0.01,0.01
6.50,12.86,0.01,0.01
6.50,12.86,0.01,0.01
6.50,12.86,0.01,0.01
6.50,12.86,0.01,0.01
6.50,12.86,0.01,0.01
6.50,12.86,0.01,0.01
6.50,12.86,0.01,0.01
6.50,12.86,0.01,0.01
6.50,12.86,0.01,0.01
6.50,12.86,0.01,0.01
6.50,12.86,0.01,0.01
6.50,12.86,0.01,0.01
6.50,12.86,0.01,0.01
6.50,12.86,0.01,0.01
6.50,12.86,0.01,0.01
6.50,12.86,0.01,0.01
6.50,12.86,0.01,0.01
6.50,12.86,0.01,0.01
6.50,12.86,0.01,0.01
6.50,12.85,0.01,0.01
6.50,12.86,0.01,0.01
6.50,12.86,0.01,0.01
6.50,12.85,0.01,0.01
6.50,12.85,0.01,0.01
6.50,12.86,0.01,0.01
6.50,12.86,0.01,0.01
6.50,12.86,0.01,0.01
6.50,12.86,0.01,0.01
6.50,12.85,0.01,0.01
6.50,12.85,0.01,0.01
6.50,12.85,0.01,0.01
6.50,12.86,0.01,0.01
6.50,12.85,0.01,0.01
6.50,12.85,0.01,0.01
6.50,12.85,0.01,0.01
6.50,12.85,0.01,0.01
6.50,12.85,0.01,0.01
6.50,12.85,0.01,0.01
6.50,12.85,0.01,0.01
6.50,12.85,0.01,0.01
6.50,12.85,0.01,0.01
6.50,12.85,0.01,0.01
6.50,12.85,0.01,0.01
6.50,12.85,0.01,0.01
6.49,12.85,0.01,0.01
6.49,12.85,0.01,0.01
6.49,12.84,0.01,0.01
6.49,12.85,0.01,0.01
6.49,12.85,0.01,0.01
6.50,12.85,0.01,0.01
6.50,12.84,0.01,0.01
6.49,12.84,0.01,0.01
6.49,12.84,0.01,0.01
6.50,12.84,0.01,0.01
6.50,12.84,0.01,0.01
6.50,12.84,0.01,0.01
6.49,12.84,0.01,0.01
6.49,12.84,0.01,0.01
6.49,12.84,0.01,0.01
6.49,12.84,0.01,0.01
6.50,12.84,0.01,0.01
6.49,12.84,0.01,0.01
6.49,12.84,0.01,0.01
6.49,12.84,0.01,0.01
6.49,12.84,0.01,0.01
6.49,12.84,0.01,0.01
6.49,12.84,0.01,0.01
6.49,12.84,0.01,0.01
6.49,12.84,0.01,0.01
6.49,12.82,0.01,0.01
6.49,12.84,0.01,0.01
6.49,12.84,0.01,0.01
6.49,12.82,0.01,0.01
6.49,12.84,0.01,0.01
6.49,12.84,0.01,0.01
6.49,12.84,0.01,0.01
6.49,12.82,0.01,0.01
6.49,12.84,0.01,0.01
6.49,12.82,0.01,0.01
6.49,12.82,0.01,0.01
6.49,12.82,0.01,0.01
6.49,12.82,0.01,0.01
6.49,12.82,0.01,0.01
6.49,12.82,0.01,0.01
6.49,12.82,0.01,0.01
6.49,12.82,0.01,0.01
6.49,12.82,0.01,0.01
6.49,12.82,0.01,0.01
6.49,12.82,0.01,0.01
6.49,12.82,0.01,0.01
6.49,12.82,0.01,0.01
6.49,12.81,0.01,0.01
6.49,12.82,0.01,0.01
6.49,12.81,0.01,0.01
6.49,12.81,0.01,0.01
6.49,12.81,0.01,0.01
6.48,12.81,0.01,0.01
6.48,12.81,0.01,0.01
6.48,12.81,0.01,0.01
6.48,12.82,0.01,0.01
6.49,12.81,0.01,0.01
6.49,12.81,0.01,0.01
6.49,12.81,0.01,0.01
6.48,12.81,0.01,0.01
6.48,12.81,0.01,0.01
6.48,12.81,0.01,0.01
6.48,12.81,0.01,0.01
6.48,12.81,0.01,0.01
6.49,12.81,0.01,0.01
6.48,12.81,0.01,0.01
6.48,12.81,0.01,0.01
6.49,12.81,0.01,0.01
6.49,12.81,0.01,0.01
6.49,12.81,0.01,0.01
6.49,12.81,0.01,0.01
6.49,12.81,0.01,0.01
6.49,12.82,0.01,0.01
6.48,12.81,0.01,0.01
6.49,12.81,0.01,0.01
6.49,12.81,0.01,0.01
6.49,12.81,0.01,0.01
6.48,12.81,0.01,0.01
6.48,12.81,0.01,0.01
6.48,12.81,0.01,0.01
6.48,12.81,0.01,0.01
6.48,12.80,0.01,0.01
6.48,12.80,0.01,0.01
6.48,12.81,0.01,0.01
6.48,12.81,0.01,0.01
6.48,12.80,0.01,0.01
6.48,12.81,0.01,0.01
6.48,12.81,0.01,0.01
6.48,12.81,0.01,0.01
6.48,12.81,0.01,0.01
6.48,12.81,0.01,0.01
6.48,12.80,0.01,0.01
6.48,12.81,0.01,0.01
6.48,12.80,0.01,0.01
6.49,12.81,0.01,0.01
6.48,12.81,0.01,0.01
6.48,12.81,0.01,0.01
6.48,12.80,0.01,0.01
6.48,12.80,0.01,0.01
6.48,12.81,0.01,0.01
6.48,12.81,0.01,0.01
6.48,12.80,0.01,0.01
6.48,12.80,0.01,0.01
6.48,12.80,0.01,0.01
6.48,12.80,0.01,0.01
6.48,12.80,0.01,0.01
6.48,12.80,0.01,0.01
6.48,12.80,0.01,0.01
6.48,12.80,0.01,0.01
6.48,12.80,0.01,0.01
6.48,12.80,0.01,0.01
6.48,12.80,0.01,0.01
6.48,12.80,0.01,0.01
6.48,12.80,0.01,0.01
6.48,12.80,0.01,0.01
6.48,12.78,0.01,0.01
6.48,12.80,0.01,0.01
6.48,12.80,0.01,0.01
6.48,12.80,0.01,0.01
6.46,12.80,0.01,0.01
6.48,12.80,0.01,0.01
6.46,12.80,0.01,0.01
6.46,12.80,0.01,0.01
6.46,12.80,0.01,0.01
6.46,12.80,0.01,0.01
6.46,12.80,0.01,0.01
6.46,12.80,0.01,0.01
6.46,12.80,0.01,0.01
6.46,12.78,0.01,0.01
6.46,12.80,0.01,0.01
6.46,12.80,0.01,0.01
6.46,12.80,0.01,0.01
6.46,12.80,0.01,0.01
6.46,12.78,0.01,0.01
6.46,12.80,0.01,0.01
6.46,12.78,0.01,0.01
6.46,12.78,0.01,0.01
6.46,12.78,0.01,0.01
6.46,12.78,0.01,0.01
6.46,12.78,0.01,0.01
6.46,12.78,0.01,0.01
6.46,12.78,0.01,0.01
6.46,12.78,0.01,0.01
6.46,12.78,0.01,0.01
6.46,12.78,0.01,0.01
6.46,12.78,0.01,0.01
6.46,12.78,0.01,0.01
6.46,12.78,0.01,0.01
6.46,12.78,0.01,0.01
6.46,12.78,0.01,0.01
6.46,12.78,0.01,0.01
6.46,12.78,0.01,0.01
6.46,12.78,0.01,0.01
6.46,12.78,0.01,0.01
6.46,12.78,0.01,0.01
6.46,12.78,0.01,0.01
6.46,12.78,0.01,0.01
6.46,12.78,0.01,0.01
6.46,12.78,0.01,0.01
6.46,12.78,0.01,0.01
6.46,12.78,0.01,0.01
6.46,12.78,0.01,0.01
6.46,12.78,0.01,0.01
6.46,12.78,0.01,0.01
6.46,12.78,0.01,0.01
6.46,12.78,0.01,0.01
6.46,12.77,0.01,0.01
6.46,12.77,0.01,0.01
6.46,12.77,0.01,0.01
6.46,12.77,0.01,0.01
6.46,12.77,0.01,0.01
6.46,12.77,0.01,0.01
6.46,12.78,0.01,0.01
6.45,12.77,0.01,0.01
6.45,12.78,0.01,0.01
6.46,12.78,0.01,0.01
6.46,12.77,0.01,0.01
6.46,12.77,0.01,0.01
6.46,12.78,0.01,0.01
6.46,12.77,0.01,0.01
6.46,12.77,0.01,0.01
6.45,12.77,0.01,0.01
6.46,12.78,0.01,0.01
6.46,12.77,0.01,0.01
6.46,12.77,0.01,0.01
6.46,12.77,0.01,0.01
6.46,12.77,0.01,0.01
6.46,12.77,0.01,0.01
6.46,12.78,0.01,0.01
6.46,12.77,0.01,0.01
6.46,12.78,0.01,0.01
6.46,12.78,0.01,0.01
6.46,12.78,0.01,0.01
6.46,12.78,0.01,0.01
6.46,12.77,0.01,0.01
6.46,12.78,0.01,0.01
6.46,12.77,0.01,0.01
6.46,12.77,0.01,0.01
6.46,12.77,0.01,0.01
6.46,12.77,0.01,0.01
6.46,12.78,0.01,0.01
6.46,12.77,0.01,0.01
6.46,12.77,0.01,0.01
6.46,12.78,0.01,0.01
6.46,12.78,0.01,0.01
6.46,12.77,0.01,0.01
6.46,12.77,0.01,0.01
6.46,12.77,0.01,0.01
6.45,12.77,0.01,0.01
6.46,12.77,0.01,0.01
6.46,12.77,0.01,0.01
6.46,12.77,0.01,0.01
6.45,12.77,0.01,0.01
6.45,12.77,0.01,0.01
6.45,12.77,0.01,0.01
6.45,12.77,0.01,0.01
6.45,12.77,0.01,0.01
6.45,12.77,0.01,0.01
6.45,12.77,0.01,0.01
6.45,12.76,0.01,0.01
6.45,12.77,0.01,0.01
6.45,12.77,0.01,0.01
6.45,12.77,0.01,0.01
6.45,12.77,0.01,0.01
6.45,12.77,0.01,0.01
6.45,12.77,0.01,0.01
6.45,12.77,0.01,0.01
6.45,12.77,0.01,0.01
6.45,12.77,0.01,0.01
6.45,12.77,0.01,0.01
6.45,12.77,0.01,0.01
6.45,12.77,0.01,0.01
6.45,12.76,0.01,0.01
6.45,12.77,0.01,0.01
6.45,12.76,0.01,0.01
6.45,12.76,0.01,0.01
6.45,12.77,0.01,0.01
6.45,12.76,0.01,0.01
6.45,12.76,0.01,0.01
6.45,12.77,0.01,0.01
6.45,12.76,0.01,0.01
6.45,12.76,0.01,0.01
6.45,12.77,0.01,0.01
6.45,12.76,0.01,0.01
6.45,12.76,0.01,0.01
6.45,12.76,0.01,0.01
6.45,12.76,0.01,0.01
6.45,12.76,0.01,0.01
6.45,12.76,0.01,0.01
6.45,12.76,0.01,0.01
6.45,12.76,0.01,0.01
6.45,12.76,0.01,0.01
6.45,12.76,0.01,0.01
6.45,12.76,0.01,0.01
6.45,12.76,0.01,0.01
6.45,12.76,0.01,0.01
6.45,12.76,0.01,0.01
6.45,12.76,0.01,0.01
6.44,12.76,0.01,0.01
6.45,12.76,0.01,0.01
6.44,12.76,0.01,0.01
6.44,12.76,0.01,0.01
6.44,12.76,0.01,0.01
6.44,12.74,0.01,0.01
6.44,12.76,0.01,0.01
6.44,12.74,0.01,0.01
6.44,12.74,0.01,0.01
6.44,12.76,0.01,0.01
6.44,12.76,0.01,0.01
6.44,12.76,0.01,0.01
6.44,12.74,0.01,0.01
6.44,12.74,0.01,0.01
6.44,12.76,0.01,0.01
6.44,12.74,0.01,0.01
6.44,12.76,0.01,0.01
6.44,12.76,0.01,0.01
6.44,12.74,0.01,0.01
6.42,12.76,0.01,0.01
6.44,12.74,0.01,0.01
6.44,12.74,0.01,0.01
6.44,12.74,0.01,0.01
6.44,12.74,0.01,0.01
6.44,12.74,0.01,0.01
6.44,12.73,0.01,0.01
6.44,12.74,0.01,0.01
6.44,12.74,0.01,0.01
6.44,12.74,0.01,0.01
6.44,12.74,0.01,0.01
6.41,12.74,0.01,0.01
6.41,12.74,0.01,0.01
6.44,12.73,0.01,0.01
6.44,12.74,0.01,0.01
6.44,12.74,0.01,0.01
6.44,12.74,0.01,0.01
6.44,12.73,0.01,0.01
6.44,12.74,0.01,0.01
6.44,12.74,0.01,0.01
6.44,12.73,0.01,0.01
6.44,12.73,0.01,0.01
6.44,12.73,0.01,0.01
6.44,12.74,0.01,0.01
6.44,12.74,0.01,0.01
6.44,12.74,0.01,0.01
6.44,12.73,0.01,0.01
6.44,12.73,0.01,0.01
6.44,12.74,0.01,0.01
6.44,12.73,0.01,0.01
6.44,12.73,0.01,0.01
6.44,12.73,0.01,0.01
6.44,12.73,0.01,0.01
6.44,12.74,0.01,0.01
6.44,12.73,0.01,0.01
6.44,12.74,0.01,0.01
6.44,12.73,0.01,0.01
6.44,12.73,0.01,0.01
6.44,12.73,0.01,0.01
6.44,12.73,0.01,0.01
6.44,12.73,0.01,0.01
6.44,12.73,0.01,0.01
6.44,12.73,0.01,0.01
6.44,12.73,0.01,0.01
6.44,12.73,0.01,0.01
6.44,12.73,0.01,0.01
6.44,12.73,0.01,0.01
6.44,12.73,0.01,0.01
6.44,12.73,0.01,0.01
6.44,12.74,0.01,0.01
6.44,12.74,0.01,0.01
6.44,12.73,0.01,0.01
6.44,12.74,0.01,0.01
6.44,12.74,0.01,0.01
6.44,12.74,0.01,0.01
6.44,12.74,0.01,0.01
6.44,12.73,0.01,0.01
6.44,12.74,0.01,0.01
6.44,12.73,0.01,0.01
6.44,12.74,0.01,0.01
6.44,12.74,0.01,0.01
6.44,12.73,0.01,0.01
6.44,12.73,0.01,0.01
6.44,12.74,0.01,0.01
6.42,12.73,0.01,0.01
6.42,12.73,0.01,0.01
6.42,12.73,0.01,0.01
6.44,12.73,0.01,0.01
6.44,12.74,0.01,0.01
6.44,12.73,0.01,0.01
6.44,12.73,0.01,0.01
6.44,12.73,0.01,0.01
6.44,12.74,0.01,0.01
6.44,12.74,0.01,0.01
6.44,12.73,0.01,0.01
6.44,12.74,0.01,0.01
6.44,12.74,0.01,0.01
6.44,12.74,0.01,0.01
6.44,12.74,0.01,0.01
6.44,12.74,0.01,0.01
6.44,12.73,0.01,0.01
6.44,12.73,0.01,0.01
6.44,12.73,0.01,0.01
6.44,12.74,0.01,0.01
6.44,12.73,0.01,0.01
6.44,12.73,0.01,0.01
6.44,12.73,0.01,0.01
6.44,12.73,0.01,0.01
6.44,12.73,0.01,0.01
6.44,12.73,0.01,0.01
6.44,12.73,0.01,0.01
6.44,12.73,0.01,0.01
6.42,12.73,0.01,0.01
6.44,12.73,0.01,0.01
6.42,12.73,0.01,0.01
6.44,12.73,0.01,0.01
6.44,12.73,0.01,0.01
6.44,12.74,0.01,0.01
6.44,12.73,0.01,0.01
6.44,12.73,0.01,0.01
6.42,12.73,0.01,0.01
6.44,12.73,0.01,0.01
6.42,12.73,0.01,0.01
6.44,12.73,0.01,0.01
6.44,12.73,0.01,0.01
6.44,12.73,0.01,0.01
6.44,12.73,0.01,0.01
6.42,12.73,0.01,0.01
6.44,12.73,0.01,0.01
6.42,12.73,0.01,0.01
6.44,12.73,0.01,0.01
6.42,12.72,0.01,0.01
6.42,12.72,0.01,0.01
6.42,12.73,0.01,0.01
6.42,12.73,0.01,0.01
6.42,12.73,0.01,0.01
6.42,12.72,0.01,0.01
6.44,12.72,0.01,0.01
6.42,12.72,0.01,0.01
6.42,12.72,0.01,0.01
6.42,12.73,0.01,0.01
6.42,12.73,0.01,0.01
6.42,12.72,0.01,0.01
6.42,12.72,0.01,0.01
6.42,12.73,0.01,0.01
6.42,12.73,0.01,0.01
6.42,12.72,0.01,0.01
6.42,12.72,0.01,0.01
6.42,12.73,0.01,0.01
6.42,12.72,0.01,0.01
6.42,12.72,0.01,0.01
6.42,12.72,0.01,0.01
6.42,12.72,0.01,0.01
6.42,12.72,0.01,0.01
6.42,12.72,0.01,0.01
6.42,12.72,0.01,0.01
6.42,12.73,0.01,0.01
6.42,12.72,0.01,0.01
6.42,12.73,0.01,0.01
6.42,12.72,0.01,0.01
6.42,12.72,0.01,0.01
6.42,12.72,0.01,0.01
6.42,12.72,0.01,0.01
6.42,12.73,0.01,0.01
6.42,12.72,0.01,0.01
6.42,12.72,0.01,0.01
6.42,12.72,0.01,0.01
6.42,12.73,0.01,0.01
6.42,12.72,0.01,0.01
6.42,12.72,0.01,0.01
6.42,12.72,0.01,0.01
6.42,12.72,0.01,0.01
6.42,12.72,0.01,0.01
6.42,12.72,0.01,0.01
6.42,12.72,0.01,0.01
6.42,12.72,0.01,0.01
6.42,12.72,0.01,0.01
6.42,12.72,0.01,0.01
6.42,12.72,0.01,0.01
6.42,12.72,0.01,0.01
6.42,12.72,0.01,0.01
6.42,12.72,0.01,0.01
6.42,12.72,0.01,0.01
6.42,12.72,0.01,0.01
6.42,12.72,0.01,0.01
6.42,12.72,0.01,0.01
6.42,12.72,0.01,0.01
6.42,12.72,0.01,0.01
6.42,12.70,0.01,0.01
6.42,12.72,0.01,0.01
6.42,12.72,0.01,0.01
6.42,12.72,0.01,0.01
6.42,12.72,0.01,0.01
6.42,12.72,0.01,0.01
6.42,12.72,0.01,0.01
6.42,12.72,0.01,0.01
6.42,12.72,0.01,0.01
6.42,12.72,0.01,0.01
6.42,12.72,0.01,0.01
6.42,12.72,0.01,0.01
6.42,12.72,0.01,0.01
6.42,12.72,0.01,0.01
6.42,12.72,0.01,0.01
6.42,12.72,0.01,0.01
6.42,12.70,0.01,0.01
6.42,12.72,0.01,0.01
6.42,12.72,0.01,0.01
6.42,12.70,0.01,0.01
6.41,12.70,0.01,0.01
6.41,12.72,0.01,0.01
6.41,12.70,0.01,0.01
6.41,12.72,0.01,0.01
6.41,12.72,0.01,0.01
6.41,12.72,0.01,0.01
6.41,12.72,0.01,0.01
6.41,12.70,0.01,0.01
6.41,12.72,0.01,0.01
6.41,12.72,0.01,0.01
6.41,12.70,0.01,0.01
6.41,12.72,0.01,0.01
6.40,12.72,0.01,0.01
6.40,12.70,0.01,0.01
6.40,12.70,0.01,0.01
6.40,12.70,0.01,0.01
6.40,12.70,0.01,0.01
6.40,12.70,0.01,0.01
6.40,12.72,0.01,0.01
6.38,12.70,0.01,0.01
6.38,12.70,0.01,0.01
6.38,12.70,0.01,0.01
6.37,12.72,0.01,0.01
6.37,12.70,0.01,0.01
6.37,12.70,0.01,0.01
6.40,12.70,0.01,0.01
6.35,12.70,0.01,0.01
6.25,12.70,0.01,0.01
6.17,12.70,0.01,0.01
6.11,12.70,0.01,0.01
5.94,12.70,0.01,0.01
5.19,12.70,0.01,0.01
4.90,12.70,0.01,0.01
4.84,12.70,0.01,0.01
5.82,12.70,0.01,0.01
4.46,12.70,0.01,0.01
4.45,12.70,0.01,0.01
4.45,12.70,0.01,0.01
4.45,12.70,0.01,0.01
4.45,12.70,0.01,0.01
4.45,12.70,0.01,0.01
4.45,12.70,0.01,0.01
4.45,12.70,0.01,0.01
4.45,12.69,0.01,0.01
4.45,12.70,0.01,0.01
4.45,12.70,0.01,0.01
4.45,12.70,0.01,0.01
4.45,12.70,0.01,0.01
4.45,12.70,0.01,0.01
4.45,12.69,0.01,0.01
4.44,12.69,0.01,0.01
4.44,12.70,0.01,0.01
4.44,12.69,0.01,0.01
4.44,12.69,0.01,0.01
4.44,12.69,0.01,0.01
4.44,12.69,0.01,0.01
4.44,12.69,0.01,0.01
4.44,12.69,0.01,0.01
4.44,12.69,0.01,0.01
4.44,12.69,0.01,0.01
4.44,12.69,0.01,0.01
4.44,12.69,0.01,0.01
4.44,12.69,0.01,0.01
4.44,12.69,0.01,0.01
4.44,12.69,0.01,0.01
4.44,12.69,0.01,0.01
4.44,12.69,0.01,0.01
4.44,12.69,0.01,0.01
4.44,12.69,0.01,0.01
4.44,12.69,0.01,0.01
4.44,12.69,0.01,0.01
4.44,12.69,0.01,0.01
4.44,12.69,0.01,0.01
4.44,12.69,0.01,0.01
4.44,12.69,0.01,0.01
4.44,12.68,0.01,0.01
4.44,12.69,0.01,0.01
4.44,12.68,0.01,0.01
4.44,12.69,0.01,0.01
4.44,12.68,0.01,0.01
4.44,12.69,0.01,0.01
4.44,12.68,0.01,0.01
4.44,12.69,0.01,0.01
4.44,12.69,0.01,0.01
4.44,12.69,0.01,0.01
4.44,12.68,0.01,0.01
4.44,12.68,0.01,0.01
4.44,12.68,0.01,0.01
4.44,12.68,0.01,0.01
4.44,12.69,0.01,0.01
4.44,12.68,0.01,0.01
4.44,12.68,0.01,0.01
4.44,12.68,0.01,0.01
4.44,12.69,0.01,0.01
4.44,12.68,0.01,0.01
4.44,12.68,0.01,0.01
4.44,12.68,0.01,0.01
4.44,12.68,0.01,0.01
4.44,12.68,0.01,0.01
4.42,12.68,0.01,0.01
4.42,12.68,0.01,0.01
4.42,12.68,0.01,0.01
4.44,12.68,0.01,0.01
4.44,12.68,0.01,0.01
4.44,12.68,0.01,0.01
4.44,12.68,0.01,0.01
4.44,12.68,0.01,0.01
4.44,12.68,0.01,0.01
4.42,12.68,0.01,0.01
4.44,12.68,0.01,0.01
4.42,12.68,0.01,0.01
4.44,12.68,0.01,0.01
4.42,12.68,0.01,0.01
4.44,12.68,0.01,0.01
4.44,12.68,0.01,0.01
4.44,12.66,0.01,0.01
4.44,12.68,0.01,0.01
4.42,12.68,0.01,0.01
4.44,12.68,0.01,0.01
4.42,12.68,0.01,0.01
4.42,12.66,0.01,0.01
4.44,12.66,0.01,0.01
4.42,12.68,0.01,0.01
4.44,12.66,0.01,0.01
4.42,12.66,0.01,0.01
4.42,12.66,0.01,0.01
4.42,12.66,0.01,0.01
4.42,12.66,0.01,0.01
4.42,12.66,0.01,0.01
4.42,12.66,0.01,0.01
4.42,12.66,0.01,0.01
4.42,12.66,0.01,0.01
4.42,12.66,0.01,0.01
4.42,12.66,0.01,0.01
4.42,12.66,0.01,0.01
4.42,12.66,0.01,0.01
4.42,12.66,0.01,0.01
4.42,12.66,0.01,0.01
4.44,12.66,0.01,0.01
4.42,12.66,0.01,0.01
4.42,12.66,0.01,0.01
4.42,12.66,0.01,0.01
4.42,12.66,0.01,0.01
4.42,12.66,0.01,0.01
4.42,12.66,0.01,0.01
4.42,12.65,0.01,0.01
4.42,12.66,0.01,0.01
4.42,12.66,0.01,0.01
4.42,12.66,0.01,0.01
4.42,12.68,0.01,0.01
4.42,12.66,0.01,0.01
4.42,12.66,0.01,0.01
4.42,12.66,0.01,0.01
4.42,12.66,0.01,0.01
4.42,12.66,0.01,0.01
4.42,12.66,0.01,0.01
4.42,12.66,0.01,0.01
4.42,12.66,0.01,0.01
4.44,12.66,0.01,0.01
4.44,12.66,0.01,0.01
4.42,12.66,0.01,0.01
4.42,12.66,0.01,0.01
4.42,12.66,0.01,0.01
4.42,12.66,0.01,0.01
4.42,12.66,0.01,0.01
4.42,12.66,0.01,0.01
4.44,12.66,0.01,0.01
4.44,12.66,0.01,0.01
4.42,12.66,0.01,0.01
4.42,12.66,0.01,0.01
4.42,12.66,0.01,0.01
4.42,12.66,0.01,0.01
4.42,12.66,0.01,0.01
4.42,12.66,0.01,0.01
4.42,12.66,0.01,0.01
4.42,12.66,0.01,0.01
4.42,12.66,0.01,0.01
4.42,12.66,0.01,0.01
4.42,12.66,0.01,0.01
4.42,12.66,0.01,0.01
4.42,12.66,0.01,0.01
4.42,12.66,0.01,0.01
4.42,12.68,0.01,0.01
4.42,12.66,0.01,0.01
4.42,12.66,0.01,0.01
4.42,12.66,0.01,0.01
4.42,12.66,0.01,0.01
4.42,12.66,0.01,0.01
4.42,12.65,0.01,0.01
4.42,12.66,0.01,0.01
4.42,12.66,0.01,0.01
4.42,12.66,0.01,0.01
4.42,12.65,0.01,0.01
4.42,12.66,0.01,0.01
4.42,12.65,0.01,0.01
4.42,12.65,0.01,0.01
4.42,12.66,0.01,0.01
4.42,12.65,0.01,0.01
4.42,12.65,0.01,0.01
4.42,12.66,0.01,0.01
4.42,12.66,0.01,0.01
4.42,12.66,0.01,0.01
4.42,12.66,0.01,0.01
4.42,12.65,0.01,0.01
4.42,12.66,0.01,0.01
